RTLS,v3,142088,241,4,2,3045,-87,-88.7,293.84,3,3040,-91,-92.1,255.20,4,3899,-82,-85.8,348.38,5,1370,-89,-91.0,256.88
RTLS,v3,142213,241,4,2,3026,-87,-89.3,293.37,3,3143,-92,-93.6,177.42,4,3908,-81,-84.2,358.71,5,1431,-89,-92.1,176.12
RTLS,v3,142364,241,3,3,3111,-91,-92.2,235.07,4,3875,-81,-83.9,392.15,5,1422,-89,-91.3,172.81
RTLS,v3,1671081,240,4,2,4002,-84,-86.0,372.35,3,4096,-92,-93.0,262.12,4,3988,-80,-82.6,498.56,5,1919,-92,-96.6,136.74,IMU,0,0.2419,-0.0201,-0.0264,-0.9697,0.000,0.000,0.000,0.0000,0.0000,0.0000
RTLS,v3,142597,241,4,2,3017,-87,-88.9,321.98,3,3064,-91,-92.0,281.05,4,3875,-80,-82.0,357.25,5,1426,-89,-91.3,259.37
RTLS,v3,142749,241,3,3,3082,-91,-93.0,249.36,4,3908,-81,-83.9,379.20,5,1408,-89,-91.3,230.00
RTLS,v3,142900,241,3,3,3031,-90,-92.2,259.45,4,3932,-81,-83.4,458.05,5,1398,-89,-91.2,229.89
RTLS,v3,143029,241,2,4,3918,-80,-83.1,359.82,5,1426,-89,-91.7,230.32
RTLS,v3,143182,241,3,3,3082,-91,-92.7,209.70,4,3824,-81,-83.0,404.41,5,1398,-89,-91.7,261.68
RTLS,v3,1671902,240,4,2,3997,-84,-85.6,384.82,3,4030,-92,-93.5,224.40,4,4049,-80,-81.9,373.25,5,1863,-92,-96.9,153.90,IMU,0,0.2419,-0.0201,-0.0266,-0.9697,0.016,0.000,0.008,0.0000,0.0000,0.0000
RTLS,v3,143467,241,4,2,3021,-87,-88.7,311.18,3,3111,-91,-93.0,245.46,4,3932,-82,-84.8,404.52,5,1445,-89,-91.9,247.57
RTLS,v3,143619,241,3,3,3097,-91,-92.3,196.23,4,3932,-81,-84.5,373.90,5,1450,-89,-91.4,196.21
RTLS,v3,143744,241,4,2,3050,-87,-89.4,243.95,3,3073,-91,-92.3,259.39,4,3922,-81,-83.0,360.69,5,1417,-89,-91.2,208.83
RTLS,v3,143869,241,4,2,3054,-87,-88.7,295.80,3,3087,-91,-92.6,197.46,4,3885,-80,-82.5,487.17,5,1454,-89,-91.3,200.40
RTLS,v3,144019,241,3,3,3172,-90,-92.3,231.14,4,3894,-80,-83.3,392.34,5,1436,-89,-90.6,241.15
RTLS,v3,144145,241,4,2,3031,-88,-89.3,267.28,3,3068,-91,-92.3,251.31,4,3904,-81,-83.3,358.08,5,1417,-89,-91.5,196.46
RTLS,v3,1672880,240,4,2,3983,-85,-87.3,384.92,3,4049,-92,-93.1,217.43,4,3997,-80,-81.4,472.08,5,1919,-92,-96.2,167.37,IMU,0,0.2419,-0.0200,-0.0265,-0.9697,0.008,0.000,0.000,0.0000,0.0000,0.0000
RTLS,v3,144396,241,4,2,3021,-87,-88.9,319.46,3,3087,-91,-92.4,214.74,4,3880,-80,-82.0,347.12,5,1347,-89,-91.4,230.82
RTLS,v3,144522,241,4,2,3017,-87,-89.4,221.60,3,3007,-91,-92.3,229.46,4,3880,-81,-83.6,433.64,5,1469,-89,-91.8,147.37
RTLS,v3,144757,241,4,2,3125,-87,-89.0,243.90,3,3125,-91,-92.1,262.85,4,3936,-81,-83.7,379.73,5,1436,-89,-91.4,186.40
RTLS,v3,144882,241,4,2,3059,-87,-88.6,277.48,3,3073,-91,-92.7,232.38,4,3908,-82,-84.7,419.46,5,1426,-89,-91.5,205.63
RTLS,v3,145033,241,3,3,3045,-91,-93.0,221.10,4,3861,-81,-85.4,351.00,5,1398,-89,-91.4,218.89
RTLS,v3,1673751,240,4,2,3932,-84,-85.6,360.62,3,4068,-92,-93.6,256.31,4,3950,-79,-80.9,419.02,5,1919,-92,-96.6,101.75,IMU,0,0.2419,-0.0200,-0.0264,-0.9697,0.008,0.008,-0.039,0.0000,0.0000,0.0000
RTLS,v3,145267,241,4,2,3115,-87,-89.0,193.68,3,3101,-90,-92.0,288.62,4,3922,-80,-83.2,347.55,5,1393,-89,-91.2,268.34
RTLS,v3,145392,241,4,2,3026,-88,-89.1,276.85,3,3087,-91,-92.9,247.76,4,3932,-80,-82.3,383.10,5,1412,-89,-90.9,201.40
RTLS,v3,145517,241,4,2,3026,-87,-88.5,308.15,3,3092,-91,-92.6,278.15,4,3875,-81,-83.3,413.48,5,1328,-89,-91.2,199.72
RTLS,v3,145654,241,4,2,2965,-87,-88.5,296.32,3,3162,-90,-92.2,211.81,4,3899,-82,-84.8,441.84,5,1412,-89,-91.4,229.84
RTLS,v3,1674370,240,4,2,3965,-83,-84.8,336.88,3,4068,-91,-92.5,229.68,4,3946,-81,-84.1,377.79,5,1971,-92,-96.2,120.03,IMU,0,0.2419,-0.0199,-0.0265,-0.9697,0.008,0.000,-0.008,0.0039,0.0020,0.0000
RTLS,v3,145886,241,4,2,3059,-88,-88.9,289.82,3,3054,-91,-92.3,249.66,4,3927,-80,-83.3,367.77,5,1412,-89,-90.9,241.04
RTLS,v3,146012,241,4,2,3031,-87,-88.5,307.82,3,3097,-91,-92.3,273.05,4,3908,-82,-85.4,360.63,5,1389,-89,-91.6,177.67
RTLS,v3,1674730,240,4,2,3974,-84,-86.1,381.19,3,4054,-92,-93.2,269.91,4,3904,-79,-80.2,440.25,5,1942,-92,-96.7,123.43,IMU,0,0.2419,-0.0199,-0.0266,-0.9697,-0.031,0.000,-0.008,0.0000,0.0039,0.0020
RTLS,v3,146295,241,4,2,3064,-86,-88.4,307.86,3,3111,-91,-92.8,285.51,4,3899,-81,-84.7,339.00,5,1454,-89,-91.9,187.36
RTLS,v3,146470,241,4,2,3045,-87,-88.3,275.84,3,3139,-91,-92.3,246.50,4,3918,-82,-85.1,386.96,5,1398,-89,-91.1,260.84
RTLS,v3,146596,241,4,2,3064,-87,-88.7,265.40,3,3087,-91,-92.3,263.34,4,3904,-81,-83.3,387.43,5,1412,-89,-91.7,266.74
RTLS,v3,146721,241,4,2,3021,-87,-88.7,319.87,3,3087,-91,-92.6,218.10,4,3908,-80,-83.2,396.15,5,1445,-89,-91.2,196.62
RTLS,v3,146846,241,4,2,3031,-88,-89.5,254.22,3,3111,-91,-92.4,231.97,4,3927,-82,-84.7,403.86,5,1459,-89,-90.8,235.15
RTLS,v3,146971,241,4,2,3021,-88,-89.4,274.11,3,3073,-91,-92.5,264.62,4,3871,-80,-82.0,425.70,5,1412,-89,-91.3,243.63
RTLS,v3,147122,241,3,2,3021,-87,-89.0,218.34,4,3889,-82,-85.0,358.90,5,1426,-89,-91.6,235.99
RTLS,v3,1675838,240,4,2,4011,-84,-86.3,320.90,3,4082,-92,-93.1,253.12,4,3941,-80,-81.7,487.42,5,1947,-92,-96.6,136.03,IMU,0,0.2421,-0.0200,-0.0266,-0.9697,0.000,0.008,0.000,-0.0039,0.0020,0.0000
RTLS,v3,147355,241,4,2,3040,-87,-89.0,300.40,3,3092,-91,-92.4,261.08,4,3932,-80,-82.5,421.41,5,1492,-89,-92.3,164.81
RTLS,v3,147480,241,4,2,3059,-87,-89.3,246.59,3,3082,-91,-92.9,249.14,4,3908,-82,-84.4,399.06,5,1417,-89,-91.2,207.55
RTLS,v3,147630,241,3,3,3078,-91,-92.7,238.78,4,3918,-80,-83.1,365.05,5,1422,-89,-91.9,216.01
RTLS,v3,1676349,240,4,2,3993,-84,-86.6,289.44,3,4021,-92,-93.2,241.79,4,3983,-80,-82.8,457.20,5,1942,-92,-96.2,94.60,IMU,0,0.2421,-0.0203,-0.0265,-0.9697,-0.039,-0.031,0.008,-0.0078,0.0000,-0.0020
RTLS,v3,147866,241,4,2,3036,-87,-88.4,269.00,3,3087,-91,-92.8,204.83,4,3889,-82,-84.6,380.10,5,1445,-89,-91.1,194.07
RTLS,v3,147991,241,4,2,3059,-87,-89.0,309.93,3,3068,-91,-91.9,323.17,4,3950,-81,-83.5,339.54,5,1379,-89,-91.4,198.60
RTLS,v3,148142,241,3,2,3045,-87,-88.8,277.34,3,3139,-91,-92.6,281.61,5,1393,-89,-91.5,224.89
RTLS,v3,1676858,240,4,2,4049,-84,-85.9,321.80,3,4082,-92,-93.1,241.89,4,3960,-80,-81.7,459.58,5,1938,-92,-96.9,145.53,IMU,0,0.2420,-0.0199,-0.0263,-0.9697,0.043,0.008,0.000,-0.0098,0.0059,0.0000
RTLS,v3,148375,241,4,2,3031,-88,-89.2,349.14,3,3129,-90,-92.1,278.20,4,3908,-81,-84.9,355.65,5,1501,-89,-91.7,185.82
RTLS,v3,148500,241,4,2,3026,-87,-88.4,324.10,3,3092,-91,-92.0,236.67,4,3969,-82,-85.0,364.25,5,1389,-89,-90.8,245.28
RTLS,v3,148651,241,3,3,3115,-91,-92.8,229.60,4,3885,-81,-83.1,380.20,5,1389,-89,-91.7,216.84
RTLS,v3,1677417,240,4,2,4011,-83,-84.8,375.21,3,4040,-92,-92.7,292.91,4,3941,-80,-82.0,495.44,5,1961,-92,-96.4,106.62,IMU,0,0.2421,-0.0197,-0.0266,-0.9697,0.051,-0.070,-0.070,0.0039,0.0000,0.0000
RTLS,v3,148961,241,3,3,3059,-91,-92.4,278.33,4,3913,-82,-85.0,419.38,5,1445,-89,-91.7,190.82
RTLS,v3,149090,241,2,4,3922,-82,-85.3,341.31,5,1436,-89,-91.5,203.18
RTLS,v3,1677858,240,4,2,3997,-83,-84.8,338.25,3,4082,-92,-93.1,241.06,4,4016,-80,-82.0,374.56,5,1971,-92,-96.7,177.81,IMU,0,0.2419,-0.0199,-0.0264,-0.9697,0.043,-0.031,-0.031,0.0078,-0.0156,0.0000
RTLS,v3,149402,241,3,3,3068,-91,-92.4,275.77,4,3918,-81,-84.4,344.44,5,1487,-89,-91.4,270.88
RTLS,v3,1678118,240,4,2,3889,-83,-84.5,312.38,3,4044,-92,-93.0,241.35,4,3932,-82,-85.4,430.66,5,1928,-92,-96.3,116.38,IMU,0,0.2418,-0.0200,-0.0263,-0.9697,-0.031,0.008,0.047,0.0117,-0.0137,0.0020
RTLS,v3,149684,241,4,2,2975,-88,-89.1,419.56,3,3073,-91,-92.1,261.01,4,3889,-81,-83.1,396.02,5,1389,-89,-91.3,214.50
RTLS,v3,149810,241,4,2,3021,-87,-88.7,258.58,3,3134,-91,-92.1,239.29,4,3899,-80,-83.5,343.29,5,1478,-89,-91.1,180.55
RTLS,v3,149960,241,3,3,3059,-91,-92.3,241.91,4,3908,-81,-83.2,432.65,5,1408,-89,-91.4,204.25
RTLS,v3,150112,241,3,3,3064,-91,-93.1,218.77,4,3918,-81,-82.8,401.75,5,1379,-89,-91.2,183.53
RTLS,v3,150215,241,3,3,3101,-91,-92.6,274.92,4,3932,-81,-83.1,346.19,5,1426,-89,-91.2,189.11
RTLS,v3,150318,241,3,3,3153,-91,-92.3,245.05,4,3904,-81,-83.4,375.32,5,1422,-89,-92.2,150.15
RTLS,v3,150444,241,4,2,3017,-87,-88.3,247.84,3,3082,-90,-92.1,265.27,4,3932,-82,-84.6,361.50,5,1412,-89,-90.9,249.93
RTLS,v3,150594,241,3,3,3078,-91,-92.6,214.94,4,3880,-81,-83.0,398.50,5,1431,-89,-91.4,196.55
RTLS,v3,150746,241,3,2,3040,-87,-88.9,248.16,4,3894,-82,-85.9,333.50,5,1337,-89,-91.6,188.51
RTLS,v3,150871,241,4,2,3040,-87,-88.9,310.86,3,3106,-91,-92.5,274.11,4,3908,-81,-83.4,370.65,5,1408,-89,-91.1,155.83
RTLS,v3,1679589,240,4,2,3993,-83,-85.1,389.66,3,4091,-92,-93.0,242.32,4,3941,-81,-84.0,408.19,5,1924,-92,-96.5,127.24,IMU,0,0.2418,-0.0200,-0.0264,-0.9698,-0.031,0.008,0.000,0.0020,-0.0020,0.0020
RTLS,v3,151106,241,4,2,3115,-88,-89.1,267.03,3,3082,-91,-92.3,243.53,4,3889,-81,-84.3,371.45,5,1417,-89,-91.4,253.10
RTLS,v3,151231,241,4,2,3026,-87,-89.3,233.53,3,3078,-91,-92.4,246.28,4,3904,-81,-83.1,403.81,5,1403,-89,-91.0,284.31
RTLS,v3,151367,241,4,2,2961,-88,-89.5,310.58,3,3078,-90,-92.6,210.71,4,3965,-80,-83.5,350.30,5,1426,-89,-91.5,231.63
RTLS,v3,151519,241,3,3,3087,-91,-92.3,258.97,4,3885,-81,-83.3,435.92,5,1412,-89,-91.5,155.96
RTLS,v3,151755,241,4,2,3068,-87,-88.8,302.02,3,3073,-91,-92.0,272.13,4,3899,-81,-83.6,417.27,5,1459,-89,-91.3,192.19
RTLS,v3,151880,241,4,2,3021,-88,-89.5,258.59,3,3143,-91,-92.6,274.78,4,3946,-81,-83.7,430.93,5,1431,-89,-91.4,208.12
RTLS,v3,152006,241,4,2,3054,-88,-89.5,333.40,3,3125,-90,-92.0,285.85,4,3913,-82,-85.1,422.73,5,1422,-89,-91.3,267.64
RTLS,v3,152180,241,4,2,3026,-88,-89.7,268.46,3,3068,-91,-92.3,239.40,4,3941,-81,-83.6,351.41,5,1422,-89,-91.8,197.26
RTLS,v3,152274,241,0
RTLS,v3,1680930,240,0,IMU,0,0.2419,-0.0199,-0.0266,-0.9697,0.008,0.000,0.039,0.0020,-0.0039,-0.0020
RTLS,v3,152400,241,4,2,3036,-87,-88.4,276.53,3,-29187,-91,-92.2,271.16,4,3922,-81,-83.4,443.48,5,1412,-91,-93.5,175.31
RTLS,v3,1681128,240,4,2,3993,-84,-85.6,382.86,3,3969,-92,-93.1,293.55,4,3965,-79,-80.5,419.98,5,1933,-92,-96.2,111.99,IMU,0,0.2419,-0.0200,-0.0265,-0.9697,-0.031,-0.031,0.008,0.0000,0.0000,0.0000
RTLS,v3,152644,241,4,2,3078,-87,-88.8,256.78,3,3087,-91,-92.4,234.66,4,3880,-82,-85.7,388.04,5,1398,-89,-91.7,217.28
RTLS,v3,152770,241,4,2,3026,-87,-88.7,304.68,3,3120,-91,-92.5,230.75,4,3918,-80,-83.4,356.77,5,1403,-89,-91.9,247.91
RTLS,v3,152922,241,3,3,3101,-91,-92.4,263.18,4,3922,-82,-84.5,414.44,5,1393,-89,-92.1,224.23
RTLS,v3,1681638,240,4,2,4002,-84,-86.3,352.65,3,4148,-91,-92.7,243.84,4,3941,-81,-82.9,455.02,5,1952,-92,-96.0,155.04,IMU,0,0.2419,-0.0200,-0.0264,-0.9697,0.008,0.016,0.000,0.0000,0.0000,0.0000
RTLS,v3,153154,241,4,2,3115,-87,-89.0,235.00,3,3087,-91,-92.1,289.32,4,3913,-81,-84.0,412.80,5,1412,-89,-92.1,230.38
RTLS,v3,153280,241,4,2,3045,-88,-89.8,355.16,3,3064,-91,-92.4,268.24,4,3899,-81,-84.9,350.75,5,1398,-89,-90.9,262.49
RTLS,v3,153405,241,4,2,3031,-87,-88.8,304.12,3,3129,-91,-92.4,227.68,4,3904,-80,-83.6,353.48,5,1351,-89,-91.3,230.83
RTLS,v3,153555,241,3,3,3087,-91,-92.8,295.73,4,3880,-81,-84.1,395.15,5,1450,-89,-91.2,200.13
RTLS,v3,153707,241,3,3,3078,-91,-93.1,199.99,4,3889,-82,-83.9,426.88,5,1375,-89,-91.1,222.50
RTLS,v3,153810,241,3,3,3111,-91,-92.1,280.20,4,3904,-80,-82.2,395.41,5,1436,-89,-91.0,229.25
RTLS,v3,153939,241,2,4,3852,-80,-83.4,419.77,5,1393,-89,-91.2,207.40
RTLS,v3,1682658,240,4,2,3993,-84,-85.9,343.60,3,4077,-91,-92.9,235.65,4,3969,-80,-82.4,516.22,5,1952,-92,-96.7,117.88,IMU,0,0.2419,-0.0201,-0.0264,-0.9697,0.008,0.000,-0.031,0.0000,0.0000,0.0000
RTLS,v3,154174,241,4,2,3111,-87,-89.0,284.68,3,3064,-91,-92.6,323.50,4,3904,-80,-84.2,336.36,5,1403,-89,-91.6,197.72
RTLS,v3,154325,241,3,3,3101,-91,-92.5,216.98,4,3885,-81,-83.8,370.48,5,1440,-89,-91.5,208.04
RTLS,v3,154450,241,4,2,3036,-87,-88.9,227.46,3,3082,-90,-91.7,280.32,4,3861,-80,-84.2,313.23,5,1384,-89,-91.5,157.09
RTLS,v3,154682,241,4,2,3040,-88,-89.1,346.12,3,3078,-90,-91.8,235.24,4,3866,-80,-82.1,410.48,5,1398,-89,-91.0,234.50
RTLS,v3,1683396,240,4,2,3974,-83,-85.6,295.59,3,4058,-91,-93.0,268.19,4,3969,-81,-83.7,423.23,5,1956,-92,-95.7,140.33,IMU,0,0.2419,-0.0200,-0.0264,-0.9697,-0.023,0.008,-0.039,0.0000,0.0000,0.0000
RTLS,v3,154912,241,4,2,3036,-87,-88.7,294.03,3,3082,-91,-92.6,222.02,4,3899,-81,-83.7,340.04,5,1403,-89,-91.4,174.10
RTLS,v3,155087,241,4,2,3026,-88,-89.1,312.43,3,3082,-91,-92.3,271.58,4,3894,-81,-83.8,384.41,5,1398,-89,-91.3,209.94
RTLS,v3,1683807,240,4,2,4007,-83,-84.9,323.67,3,4054,-92,-93.0,308.18,4,4016,-79,-80.6,455.98,5,1942,-92,-95.8,160.44,IMU,0,0.2419,-0.0200,-0.0262,-0.9697,0.051,0.008,0.008,0.0000,0.0000,0.0000
RTLS,v3,155372,241,4,2,3050,-88,-89.8,253.69,3,3064,-90,-92.1,231.59,4,3866,-81,-84.1,414.52,5,1417,-89,-91.8,209.78
RTLS,v3,155498,241,4,2,3040,-88,-89.7,251.41,3,3097,-91,-92.0,277.26,4,3927,-81,-84.0,392.59,5,1412,-89,-91.6,144.26
RTLS,v3,1684217,240,4,2,4007,-84,-86.2,297.98,3,4068,-92,-93.4,236.46,4,4002,-80,-81.4,427.98,5,1867,-92,-96.1,132.85,IMU,0,0.2418,-0.0203,-0.0261,-0.9698,-0.008,0.016,0.000,0.0039,0.0098,0.0000
RTLS,v3,155733,241,4,2,3026,-87,-88.9,273.10,3,3092,-91,-92.7,255.99,4,3885,-80,-82.8,346.67,5,1422,-89,-91.2,230.88
RTLS,v3,155858,241,4,2,3045,-87,-88.5,247.29,3,3101,-91,-92.4,223.46,4,3918,-80,-82.3,469.83,5,1440,-89,-90.7,220.55
RTLS,v3,155983,241,4,2,3036,-87,-88.9,276.86,3,3078,-91,-92.4,263.14,4,3852,-81,-84.1,366.00,5,1412,-89,-91.3,203.59
RTLS,v3,156119,241,4,2,3012,-88,-89.0,324.90,3,3078,-91,-92.9,257.97,4,3866,-81,-82.9,417.62,5,1398,-89,-92.0,194.00
RTLS,v3,156245,241,4,2,2998,-88,-89.1,299.80,3,3045,-90,-92.2,243.99,4,3918,-81,-83.5,380.12,5,1384,-89,-91.6,227.77
RTLS,v3,156370,241,4,2,3031,-87,-88.7,283.83,3,3012,-91,-92.0,262.08,4,3908,-80,-83.4,330.25,5,1370,-89,-91.1,213.29
RTLS,v3,156495,241,4,2,3064,-90,-91.0,231.13,3,3073,-90,-91.9,279.90,4,3824,-81,-83.1,462.86,5,1398,-89,-91.3,215.00
RTLS,v3,156620,241,4,2,3054,-87,-89.0,249.43,3,3050,-90,-92.1,302.41,4,3889,-82,-84.2,403.96,5,1389,-89,-91.2,235.39
RTLS,v3,1685336,240,4,2,3974,-85,-87.3,330.22,3,4030,-92,-93.3,254.71,4,3950,-79,-81.3,357.14,5,1961,-92,-96.8,138.12,IMU,0,0.2418,-0.0197,-0.0263,-0.9698,0.016,0.000,0.055,0.0000,0.0000,0.0000
RTLS,v3,156880,241,3,3,3092,-90,-91.8,268.40,4,3861,-80,-82.1,343.50,5,1473,-89,-91.1,229.05
RTLS,v3,157005,241,4,2,3050,-88,-89.8,256.81,3,3078,-91,-92.1,270.09,4,3908,-80,-83.8,343.67,5,1379,-89,-90.9,218.32
RTLS,v3,1685726,240,4,2,3974,-85,-88.0,290.16,3,4011,-92,-93.1,276.23,4,3974,-81,-82.8,542.17,5,1971,-92,-95.9,141.68,IMU,0,0.2418,-0.0198,-0.0263,-0.9698,0.008,0.008,0.008,0.0000,0.0000,0.0000
RTLS,v3,157242,241,4,2,3040,-87,-89.0,296.41,3,3078,-91,-92.0,262.19,4,3904,-81,-84.2,347.69,5,1384,-89,-90.9,240.14
RTLS,v3,157368,241,4,2,3026,-87,-88.8,329.60,3,3082,-91,-92.5,225.29,4,3828,-80,-83.9,344.94,5,1412,-89,-91.8,226.15
RTLS,v3,157518,241,3,3,3068,-91,-92.1,257.30,4,3843,-82,-84.6,394.92,5,1426,-89,-91.0,224.92
RTLS,v3,1686235,240,4,2,4021,-84,-87.1,288.27,3,4072,-92,-93.0,252.99,4,3974,-81,-82.6,416.94,5,1956,-92,-96.3,165.88,IMU,0,0.2418,-0.0198,-0.0265,-0.9698,-0.031,0.008,0.000,-0.0039,-0.0020,-0.0020
RTLS,v3,157752,241,4,2,3017,-87,-88.6,319.58,3,3003,-91,-92.5,272.53,4,3927,-80,-82.1,416.43,5,1445,-89,-91.0,225.84
RTLS,v3,157877,241,4,2,3040,-88,-89.1,298.08,3,3097,-90,-92.1,243.68,4,3889,-82,-84.3,329.27,5,1426,-89,-92.1,181.57
RTLS,v3,158051,241,4,2,3026,-88,-89.1,251.72,3,3115,-91,-92.4,239.46,4,3908,-81,-83.2,349.94,5,1417,-89,-91.0,221.93
RTLS,v3,158226,241,4,2,3040,-88,-89.3,271.47,3,3106,-90,-92.1,227.53,4,3969,-80,-83.0,307.79,5,1384,-89,-91.0,212.52
RTLS,v3,1686946,240,4,2,3993,-84,-85.6,360.25,3,4035,-92,-93.4,265.03,4,4007,-80,-81.7,432.23,5,1910,-92,-96.1,171.81,IMU,0,0.2418,-0.0202,-0.0264,-0.9698,0.000,-0.031,0.008,0.0000,0.0020,0.0000
RTLS,v3,158462,241,4,2,3026,-87,-88.4,286.69,3,3073,-91,-92.4,234.98,4,3899,-81,-83.0,349.50,5,1450,-89,-91.3,190.84
RTLS,v3,158588,241,4,2,3017,-87,-89.2,273.73,3,3139,-91,-92.4,263.66,4,3894,-82,-84.7,365.41,5,1412,-89,-92.1,205.14
RTLS,v3,158713,241,4,2,3059,-87,-88.8,311.86,3,3092,-91,-92.7,200.25,4,3889,-81,-84.0,390.50,5,1408,-89,-91.2,181.48
RTLS,v3,158864,241,3,3,3111,-91,-92.3,270.51,4,3885,-82,-83.9,383.54,5,1408,-89,-91.3,219.06
RTLS,v3,159015,241,3,3,3111,-91,-92.0,256.25,4,3904,-81,-83.9,407.30,5,1450,-89,-91.6,140.91
RTLS,v3,159118,241,3,3,3101,-91,-92.1,229.52,4,3885,-80,-82.8,383.80,5,1431,-89,-90.8,221.71
RTLS,v3,1687835,240,4,2,3960,-84,-85.7,381.80,3,4058,-92,-93.5,271.86,4,3955,-80,-81.7,498.17,5,1895,-92,-96.9,139.51,IMU,0,0.2417,-0.0204,-0.0262,-0.9698,-0.031,0.008,0.008,-0.0020,-0.0078,-0.0020
RTLS,v3,159330,241,3,3,3092,-91,-92.6,244.44,4,3899,-81,-83.1,410.70,5,1459,-89,-91.2,175.50
RTLS,v3,159455,241,4,2,3059,-87,-89.2,252.28,3,3092,-90,-92.1,244.57,4,3974,-82,-84.8,418.00,5,1412,-89,-92.0,206.75
RTLS,v3,159834,241,3,3,3092,-91,-92.3,243.43,4,3885,-80,-82.8,354.19,5,1412,-89,-92.0,165.19
RTLS,v3,160478,241,4,2,3054,-87,-88.5,280.34,3,3054,-91,-92.3,229.87,4,3913,-81,-83.3,391.14,5,1370,-89,-91.1,265.69
RTLS,v3,162751,241,4,2,3054,-87,-88.6,263.24,3,3054,-90,-92.4,241.97,4,3904,-80,-83.1,365.18,5,1422,-89,-91.7,231.52
RTLS,v3,163261,241,4,2,3017,-88,-89.0,261.99,3,3148,-91,-92.6,264.51,4,3847,-81,-83.9,349.83,5,1422,-89,-91.2,216.69
RTLS,v3,163537,241,3,3,3073,-91,-92.4,303.45,4,3932,-80,-83.6,376.82,5,1384,-89,-91.5,206.78
RTLS,v3,1692252,240,4,2,3988,-84,-86.0,357.44,3,4087,-92,-92.8,258.71,4,3960,-80,-81.3,394.91,5,2003,-92,-96.0,110.15,IMU,0,0.2416,-0.0201,-0.0264,-0.9698,0.008,0.047,0.000,0.0000,0.0000,0.0000
RTLS,v3,164225,241,4,2,3040,-88,-89.9,267.95,3,3106,-91,-92.5,255.49,4,3927,-81,-83.9,408.30,5,1412,-89,-91.1,224.88
RTLS,v3,164924,241,4,2,3059,-87,-88.6,307.38,3,3092,-91,-92.9,226.07,4,3885,-81,-82.9,396.93,5,1417,-89,-91.4,215.26
RTLS,v3,1693792,240,4,2,3983,-85,-87.7,381.56,3,4077,-92,-93.2,272.18,4,3946,-80,-81.9,427.57,5,1919,-92,-96.0,163.59,IMU,0,0.2416,-0.0201,-0.0264,-0.9698,0.000,0.008,0.008,0.0000,0.0000,0.0000
RTLS,v3,165308,241,4,2,3050,-86,-88.2,304.30,3,3097,-90,-92.3,277.72,4,3819,-80,-81.8,394.70,5,1422,-89,-92.2,160.53
RTLS,v3,165461,241,3,2,3050,-87,-88.9,274.45,4,3927,-80,-82.3,413.95,5,1389,-89,-91.1,232.70
RTLS,v3,165586,241,4,2,3045,-87,-89.1,329.04,3,3106,-91,-92.4,234.05,4,3899,-80,-82.2,342.88,5,1347,-89,-91.3,202.44
RTLS,v3,1694303,240,4,2,3979,-84,-87.1,391.25,3,4054,-91,-92.4,214.73,4,3950,-82,-83.9,422.35,5,1947,-92,-96.3,110.04,IMU,0,0.2416,-0.0202,-0.0264,-0.9698,0.008,0.008,0.008,0.0000,0.0000,0.0000
RTLS,v3,165820,241,4,2,3031,-87,-88.7,281.53,3,3073,-90,-92.4,201.07,4,3833,-81,-84.3,430.48,5,1403,-89,-91.4,203.27
RTLS,v3,165945,241,4,2,3054,-87,-88.8,281.90,3,3087,-91,-92.3,246.28,4,3922,-82,-84.6,404.40,5,1398,-89,-92.0,165.59
RTLS,v3,166082,241,4,2,3045,-88,-89.1,214.36,3,3031,-91,-92.4,262.10,4,3913,-81,-83.9,376.57,5,1389,-89,-91.4,221.38
RTLS,v3,1694801,240,4,2,3993,-84,-86.7,300.60,3,4058,-92,-93.3,260.47,4,3889,-81,-82.2,453.02,5,1928,-92,-96.4,154.35,IMU,0,0.2416,-0.0201,-0.0263,-0.9698,0.043,0.008,0.000,0.0000,0.0000,0.0000
RTLS,v3,166318,241,4,2,3068,-88,-89.4,326.92,3,3092,-90,-92.1,261.90,4,3988,-81,-83.9,461.27,5,1422,-89,-91.1,180.01
RTLS,v3,166443,241,4,2,3040,-87,-88.5,288.55,3,3073,-90,-91.9,218.92,4,3932,-82,-85.2,408.02,5,1417,-89,-91.6,126.40
RTLS,v3,166583,241,4,2,3007,-88,-89.8,294.03,3,3092,-90,-91.9,245.25,4,3904,-80,-82.3,445.42,5,1389,-89,-90.9,206.57
RTLS,v3,166944,241,4,2,3054,-87,-88.3,346.00,3,3092,-90,-92.2,269.64,4,3904,-80,-82.7,343.12,5,1436,-89,-92.0,207.86
RTLS,v3,167133,241,4,2,3050,-88,-89.2,312.57,3,3101,-90,-91.7,281.62,4,3936,-81,-84.6,353.75,5,1384,-89,-91.9,220.89
RTLS,v3,167308,241,4,2,3021,-87,-88.9,317.07,3,3092,-90,-92.2,262.12,4,3904,-81,-84.3,335.88,5,1422,-89,-91.5,165.47
RTLS,v3,167434,241,4,2,3026,-88,-89.7,287.21,3,3078,-91,-92.5,231.81,4,3899,-81,-83.9,422.58,5,1389,-89,-90.8,185.71
RTLS,v3,1696151,240,4,2,3988,-84,-86.7,320.05,3,4026,-92,-92.7,255.75,4,3950,-80,-81.3,498.39,5,1942,-92,-96.5,159.99,IMU,0,0.2416,-0.0202,-0.0263,-0.9698,0.000,0.008,0.000,0.0000,0.0000,0.0000
RTLS,v3,167668,241,4,2,3059,-88,-89.6,273.54,3,3101,-91,-92.4,245.28,4,3904,-80,-82.8,405.73,5,1431,-89,-91.4,213.61
RTLS,v3,167793,241,4,2,3059,-88,-89.1,313.73,3,3059,-91,-92.8,255.83,4,3880,-81,-83.5,318.33,5,1445,-89,-91.9,214.63
RTLS,v3,167918,241,4,2,3021,-87,-89.1,266.50,3,3050,-91,-92.5,263.86,4,3913,-81,-83.9,382.56,5,1417,-89,-91.4,228.42
RTLS,v3,168043,241,4,2,3050,-88,-89.1,316.77,3,3059,-91,-93.0,220.14,4,3922,-80,-82.6,359.83,5,1440,-89,-92.0,230.85
RTLS,v3,1696762,240,4,2,3969,-84,-86.5,335.95,3,4096,-92,-93.5,205.68,4,4021,-81,-83.5,418.85,5,1924,-92,-96.2,137.45,IMU,0,0.2416,-0.0201,-0.0264,-0.9698,0.008,0.000,0.000,0.0000,0.0000,0.0000
RTLS,v3,168278,241,4,2,3003,-88,-89.5,387.29,3,3106,-90,-91.9,236.90,4,3871,-80,-82.8,484.56,5,1393,-89,-91.0,185.37
RTLS,v3,168431,241,3,2,3021,-88,-89.2,345.80,4,3908,-81,-83.1,411.84,5,1393,-89,-91.6,250.29
RTLS,v3,168582,241,3,3,3078,-90,-92.4,221.21,4,3894,-82,-85.1,397.79,5,1426,-89,-91.6,183.50
RTLS,v3,168733,241,3,3,3073,-90,-91.9,221.06,4,3894,-82,-85.9,328.25,5,1393,-89,-91.4,184.93
RTLS,v3,1697452,240,4,2,3983,-84,-87.2,268.69,3,4054,-91,-92.3,270.92,4,3946,-80,-82.0,420.02,5,1919,-92,-96.0,104.10,IMU,0,0.2416,-0.0200,-0.0266,-0.9698,0.008,0.000,0.000,0.0000,0.0000,0.0000
RTLS,v3,168946,241,3,3,3097,-90,-92.2,275.45,4,3918,-81,-83.1,370.42,5,1412,-89,-91.1,248.96
RTLS,v3,169050,241,3,3,3073,-91,-92.5,231.14,4,3913,-81,-83.2,466.33,5,1393,-89,-91.4,208.23
RTLS,v3,169175,241,4,2,3036,-87,-88.7,292.29,3,3059,-90,-92.3,255.75,4,3894,-80,-83.5,376.92,5,1393,-89,-91.0,173.74
RTLS,v3,169408,241,4,2,3045,-88,-89.3,308.72,3,3139,-91,-92.7,195.91,4,3885,-81,-82.7,360.10,5,1408,-89,-91.2,214.78
RTLS,v3,169534,241,4,2,3040,-88,-89.4,287.24,3,3078,-91,-92.3,236.96,4,3875,-81,-83.9,365.90,5,1417,-89,-92.3,150.04
RTLS,v3,169659,241,4,2,3040,-87,-88.9,353.10,3,3068,-91,-92.1,255.18,4,3889,-81,-83.3,410.07,5,1398,-89,-91.2,263.40
RTLS,v3,169796,241,4,2,3007,-87,-88.6,271.50,3,3045,-91,-92.4,285.33,4,3889,-81,-84.0,367.27,5,1431,-89,-91.4,243.94
RTLS,v3,169971,241,4,2,3045,-87,-89.1,291.84,3,3097,-90,-92.2,265.23,4,3885,-81,-84.3,402.15,5,1389,-89,-91.5,218.30
RTLS,v3,170146,241,4,2,3045,-88,-89.2,302.12,3,3078,-91,-92.7,265.22,4,3880,-81,-83.2,354.60,5,1431,-89,-92.2,169.66
RTLS,v3,1698910,240,4,2,3997,-86,-88.3,314.77,3,4040,-92,-93.2,259.86,4,3913,-81,-82.3,403.54,5,1956,-92,-96.0,99.46,IMU,0,0.2416,-0.0197,-0.0263,-0.9698,0.008,0.008,0.000,0.0000,-0.0137,0.0020
RTLS,v3,170426,241,4,2,3031,-88,-89.5,245.39,3,3092,-91,-92.7,265.84,4,3861,-82,-85.0,390.77,5,1398,-89,-91.2,220.61
RTLS,v3,170551,241,4,2,3031,-87,-88.8,239.23,3,3054,-91,-92.8,226.34,4,3875,-80,-82.8,408.45,5,1426,-89,-92.4,168.51
RTLS,v3,170676,241,4,2,3012,-87,-88.7,290.80,3,3073,-91,-92.3,247.24,4,3922,-81,-83.6,332.87,5,1417,-89,-91.1,211.32
RTLS,v3,170826,241,3,3,3068,-91,-92.2,246.04,4,3885,-82,-85.5,379.13,5,1417,-89,-92.2,198.99
RTLS,v3,170978,241,3,3,3097,-90,-92.0,266.34,4,3927,-81,-85.1,414.70,5,1393,-89,-91.3,224.08
RTLS,v3,171081,241,3,3,3120,-91,-92.7,260.67,4,3889,-80,-83.8,359.50,5,1426,-89,-92.4,180.16
RTLS,v3,1699850,240,4,2,3960,-85,-87.7,380.08,3,4026,-92,-92.9,244.45,4,3941,-79,-81.3,477.28,5,1933,-92,-96.5,109.85,IMU,0,0.2415,-0.0197,-0.0263,-0.9698,0.008,0.008,0.000,0.0000,-0.0137,-0.0020
RTLS,v3,171344,241,3,3,3064,-91,-92.9,229.21,4,3899,-80,-82.5,414.90,5,1412,-89,-91.0,261.19
RTLS,v3,171578,241,4,2,3026,-88,-89.2,217.33,3,3078,-91,-92.5,242.17,4,3908,-81,-83.1,344.96,5,1398,-89,-92.0,234.44
RTLS,v3,171704,241,4,2,3045,-87,-88.6,293.75,3,3054,-90,-92.0,275.17,4,3913,-80,-82.9,420.00,5,1408,-89,-91.5,132.14
RTLS,v3,171829,241,4,2,3040,-88,-89.1,277.65,3,3059,-91,-92.7,301.40,4,3871,-80,-82.8,418.88,5,1445,-89,-92.0,207.12
RTLS,v3,171980,241,3,3,3003,-90,-92.3,198.84,4,3904,-82,-84.4,316.42,5,1422,-89,-91.4,212.40
RTLS,v3,172105,241,4,2,3059,-88,-89.7,299.31,3,3087,-90,-91.9,233.00,4,3932,-81,-84.7,415.67,5,1436,-89,-91.6,214.74
RTLS,v3,172230,241,4,2,3040,-87,-89.4,225.65,3,3068,-90,-91.9,271.86,4,3885,-80,-82.1,384.68,5,1389,-89,-91.4,221.24
RTLS,v3,172355,241,4,2,3031,-87,-89.1,247.00,3,3040,-91,-92.2,286.37,4,3904,-81,-84.2,363.67,5,1365,-89,-91.1,212.18
RTLS,v3,1701071,240,4,2,3988,-85,-87.6,293.72,3,4063,-92,-92.9,302.42,4,3936,-81,-82.2,495.45,5,1924,-92,-96.0,136.94,IMU,0,0.2416,-0.0201,-0.0262,-0.9698,0.008,0.016,0.008,0.0020,0.0020,-0.0039
RTLS,v3,172587,241,4,2,3026,-87,-88.9,273.25,3,3153,-91,-92.3,273.97,4,3904,-81,-83.4,428.86,5,1445,-89,-91.3,299.65
RTLS,v3,172713,241,4,2,3040,-87,-89.0,280.64,3,3068,-91,-92.3,264.00,4,3828,-80,-83.5,328.86,5,1398,-89,-90.9,260.84
RTLS,v3,172900,241,4,2,3078,-88,-89.4,260.36,3,2970,-91,-92.0,284.72,4,3894,-82,-85.8,370.38,5,1417,-89,-91.4,219.11
RTLS,v3,1701590,240,0,IMU,0,0.2415,-0.0199,-0.0262,-0.9698,0.000,0.008,0.000,-0.0039,-0.0020,0.0000
RTLS,v3,173013,241,2,4,3904,-80,-83.5,448.45,5,1436,-89,-91.2,174.75
RTLS,v3,173138,241,4,2,3040,-87,-89.1,283.73,3,3106,-91,-92.3,268.34,4,3899,-82,-84.7,385.88,5,1398,-89,-91.6,156.86
RTLS,v3,173288,241,3,3,3082,-91,-92.2,246.28,4,3852,-82,-85.3,389.75,5,1422,-89,-91.9,211.39
RTLS,v3,173414,241,4,2,3045,-87,-88.9,290.17,3,3003,-90,-92.0,241.96,4,3904,-81,-83.9,315.46,5,1417,-89,-91.3,225.85
RTLS,v3,1702129,240,4,2,4063,-85,-87.9,324.27,3,4026,-91,-92.5,255.25,4,3955,-80,-81.5,473.94,5,1919,-92,-95.9,124.57,IMU,0,0.2415,-0.0201,-0.0265,-0.9698,0.000,-0.039,0.000,-0.0039,0.0117,0.0000
RTLS,v3,173645,241,4,2,2989,-87,-89.0,276.86,3,3040,-90,-91.8,293.11,4,3894,-81,-83.6,379.00,5,1445,-89,-91.1,173.96
RTLS,v3,173771,241,4,2,3050,-87,-88.4,296.47,3,3087,-91,-92.3,273.91,4,3852,-82,-85.2,429.32,5,1497,-89,-90.9,172.73
RTLS,v3,173936,241,3,2,3040,-88,-89.8,243.78,4,3866,-81,-83.0,455.62,5,1408,-89,-91.1,193.85
RTLS,v3,174087,241,3,3,3082,-91,-92.3,258.82,4,3894,-80,-82.8,399.05,5,1347,-89,-91.0,215.14
RTLS,v3,174238,241,3,3,3068,-91,-92.5,285.36,4,3918,-80,-82.9,347.42,5,1440,-89,-92.0,198.38
RTLS,v3,174367,241,2,4,3908,-80,-82.4,377.91,5,1426,-89,-91.6,296.69
RTLS,v3,174496,241,2,4,3904,-81,-83.6,390.56,5,1361,-89,-91.6,214.42
RTLS,v3,174599,241,3,2,3050,-87,-88.8,287.28,4,3908,-81,-82.9,392.48,5,1379,-89,-91.4,242.80
RTLS,v3,174703,241,3,2,3021,-87,-88.9,329.54,4,3880,-81,-84.0,359.83,5,1351,-89,-91.4,202.64
RTLS,v3,1703418,240,4,2,3993,-84,-85.5,356.31,3,4063,-92,-93.0,249.36,4,3955,-81,-84.1,338.68,5,1952,-92,-96.0,165.15,IMU,0,0.2414,-0.0200,-0.0263,-0.9698,0.008,0.008,-0.039,0.0000,0.0000,0.0000
RTLS,v3,174935,241,4,2,3031,-87,-88.5,323.87,3,3087,-90,-91.8,260.28,4,3847,-81,-83.2,376.56,5,1412,-89,-91.8,157.85
RTLS,v3,175060,241,4,2,3036,-87,-89.0,269.02,3,3097,-91,-92.5,208.93,4,3927,-80,-82.2,393.48,5,1384,-89,-91.5,189.83
RTLS,v3,175210,241,3,3,3059,-91,-92.4,245.72,4,3899,-80,-83.8,408.45,5,1375,-89,-91.3,216.75
RTLS,v3,1703930,240,4,2,3988,-83,-85.0,349.90,3,4040,-92,-93.3,252.38,4,3955,-82,-83.8,501.58,5,1961,-92,-96.2,151.33,IMU,0,0.2415,-0.0200,-0.0262,-0.9698,0.016,0.016,0.000,-0.0020,0.0020,0.0000
RTLS,v3,175446,241,4,2,3045,-87,-88.6,267.68,3,3078,-91,-92.2,287.21,4,3838,-81,-83.2,375.40,5,1436,-89,-92.0,205.42
RTLS,v3,175621,241,4,2,3064,-88,-89.3,250.15,3,3064,-91,-92.3,237.01,4,3908,-81,-83.8,431.11,5,1337,-89,-91.7,227.05
RTLS,v3,175796,241,4,2,3059,-87,-88.5,295.82,3,3036,-90,-91.9,229.37,4,3875,-81,-83.8,362.79,5,1408,-89,-91.4,186.77
RTLS,v3,175948,241,3,3,3064,-90,-92.5,226.52,4,3946,-82,-84.2,402.62,5,1431,-89,-91.3,230.07
RTLS,v3,176073,241,4,2,3097,-88,-89.2,313.36,3,3040,-91,-92.3,272.46,4,3927,-80,-82.9,425.23,5,1351,-89,-91.1,228.04
RTLS,v3,1704790,240,4,2,3997,-84,-85.7,335.46,3,4016,-91,-92.7,245.00,4,3965,-81,-83.5,413.73,5,1933,-92,-96.5,141.04,IMU,0,0.2414,-0.0201,-0.0262,-0.9698,-0.031,-0.031,0.000,-0.0020,-0.0020,0.0000
RTLS,v3,176306,241,4,2,2965,-87,-89.2,264.53,3,3087,-91,-92.6,263.32,4,3875,-82,-85.8,310.17,5,1403,-89,-91.0,249.38
RTLS,v3,176431,241,4,2,3059,-87,-88.9,278.14,3,3120,-91,-92.6,247.43,4,3918,-80,-82.7,371.98,5,1450,-89,-91.4,198.05
RTLS,v3,176569,241,4,2,2989,-87,-89.0,226.17,3,3050,-90,-92.2,241.51,4,3894,-80,-82.4,381.55,5,1365,-89,-91.1,211.35
RTLS,v3,1705290,240,4,2,3969,-84,-86.4,385.30,3,4063,-92,-93.0,245.19,4,3969,-81,-84.8,384.02,5,1947,-92,-96.8,149.07,IMU,0,0.2414,-0.0198,-0.0261,-0.9698,0.016,0.047,0.000,0.0020,0.0020,0.0000
RTLS,v3,176806,241,4,2,3106,-87,-88.5,293.73,3,3120,-91,-92.2,239.91,4,3894,-80,-82.1,417.35,5,1417,-89,-92.2,195.88
RTLS,v3,176932,241,4,2,3017,-88,-89.2,241.51,3,3007,-91,-92.3,269.46,4,3899,-81,-84.8,378.96,5,1384,-89,-90.9,236.64
RTLS,v3,177221,241,3,3,3068,-90,-92.3,279.62,4,3875,-82,-85.8,304.63,5,1422,-89,-91.3,245.95
RTLS,v3,177343,241,1,2,3068,-87,-88.8,307.04
RTLS,v3,1705989,240,1,5,1905,-92,-96.8,102.93,IMU,0,0.2413,-0.0203,-0.0261,-0.9698,-0.031,0.008,0.047,0.0000,0.0000,0.0000
RTLS,v3,177495,241,4,2,3021,-87,-89.3,287.19,3,3115,-91,-92.3,264.89,4,3824,-81,-82.5,361.46,5,1408,-89,-91.1,287.77
RTLS,v3,1706218,240,4,2,3927,-84,-86.7,306.75,3,4054,-92,-92.7,231.99,4,3941,-81,-84.0,399.70,5,1924,-92,-96.0,114.63,IMU,0,0.2413,-0.0203,-0.0262,-0.9698,0.008,0.000,-0.039,0.0000,0.0000,0.0000
RTLS,v3,177735,241,4,2,3054,-88,-89.4,271.58,3,3097,-91,-92.3,317.03,4,3904,-81,-84.4,339.23,5,1408,-89,-91.2,221.31
RTLS,v3,177860,241,4,2,3050,-87,-88.6,307.41,3,3115,-91,-92.4,296.78,4,3913,-80,-83.9,362.61,5,1403,-89,-91.6,199.38
RTLS,v3,177985,241,4,2,3031,-87,-88.9,234.86,3,3078,-91,-92.7,217.91,4,3861,-81,-83.1,408.36,5,1417,-89,-91.1,218.62
RTLS,v3,178127,241,4,2,2998,-87,-88.6,342.81,3,3059,-90,-91.9,250.26,4,3875,-80,-82.8,371.75,5,1431,-89,-91.3,203.75
RTLS,v3,178253,241,4,2,3045,-87,-88.8,281.22,3,3036,-91,-92.7,286.30,4,3885,-80,-81.9,420.08,5,1393,-89,-92.1,213.53
RTLS,v3,178427,241,4,2,3050,-87,-88.9,249.54,3,3106,-91,-92.9,241.26,4,3899,-81,-83.9,340.68,5,1412,-89,-90.9,210.07
RTLS,v3,178602,241,4,2,3036,-86,-88.7,326.35,3,3059,-90,-92.0,238.18,4,3918,-82,-84.3,368.44,5,1389,-89,-91.3,218.01
RTLS,v3,1707318,240,4,2,4011,-85,-88.2,332.38,3,4054,-91,-92.8,265.41,4,3946,-80,-82.0,403.30,5,1905,-92,-95.9,128.42,IMU,0,0.2413,-0.0203,-0.0262,-0.9698,0.043,0.008,0.000,0.0000,0.0000,0.0000
RTLS,v3,178834,241,4,2,3031,-87,-89.0,259.86,3,3176,-91,-92.4,248.25,4,3918,-81,-83.2,374.89,5,1412,-89,-91.6,209.30
RTLS,v3,178960,241,4,2,3054,-87,-88.7,299.86,3,3064,-90,-92.2,275.58,4,3913,-81,-83.1,407.70,5,1440,-89,-91.3,250.04
RTLS,v3,179111,241,3,3,3073,-90,-92.3,239.75,4,3880,-81,-83.6,402.25,5,1351,-89,-91.4,210.54
RTLS,v3,179345,241,4,2,3040,-87,-89.0,250.69,3,3158,-91,-92.5,272.25,4,3866,-80,-82.4,385.48,5,1370,-89,-91.1,187.47
RTLS,v3,179471,241,4,2,3021,-87,-88.5,310.85,3,3115,-91,-93.0,263.71,4,3899,-80,-82.7,422.40,5,1436,-89,-91.3,176.78
RTLS,v3,179621,241,3,3,3097,-90,-91.9,232.58,4,3894,-80,-83.6,416.20,5,1356,-89,-91.7,228.73
RTLS,v3,179854,241,4,2,3050,-87,-88.5,309.11,3,3087,-91,-92.6,208.09,4,3800,-82,-84.0,411.21,5,1436,-89,-91.1,216.72
RTLS,v3,179979,241,4,2,3036,-87,-89.2,265.26,3,3078,-91,-92.5,220.99,4,3922,-82,-84.7,341.15,5,1403,-89,-91.3,257.54
RTLS,v3,180104,241,4,2,3021,-87,-89.0,268.32,3,3082,-91,-92.7,225.77,4,3904,-80,-83.6,339.54,5,1426,-89,-91.2,250.96
RTLS,v3,180369,241,4,2,3054,-86,-88.3,286.93,3,3195,-91,-92.2,283.10,4,3908,-82,-84.3,441.09,5,1417,-89,-91.0,228.82
RTLS,v3,180519,241,3,3,3106,-91,-92.2,264.89,4,3894,-82,-84.9,393.33,5,1440,-89,-91.5,200.10
RTLS,v3,1709237,240,4,2,4030,-85,-86.6,442.66,3,4087,-92,-93.0,254.59,4,3993,-79,-82.2,383.14,5,1942,-92,-96.2,140.16,IMU,0,0.2413,-0.0205,-0.0261,-0.9698,0.000,0.016,0.008,0.0000,0.0000,0.0000
RTLS,v3,180754,241,4,2,2998,-86,-88.8,260.17,3,3059,-90,-92.0,285.32,4,3955,-82,-84.4,365.08,5,1342,-89,-91.3,229.31
RTLS,v3,180932,241,2,4,3894,-81,-83.3,402.18,5,1389,-89,-91.4,170.29
RTLS,v3,1709648,240,4,2,4011,-84,-87.0,268.25,3,4044,-91,-92.5,270.64,4,3974,-81,-83.9,417.52,5,1975,-92,-96.4,154.11,IMU,0,0.2413,-0.0203,-0.0262,-0.9699,-0.031,-0.031,0.000,0.0000,-0.0059,0.0000
RTLS,v3,181164,241,4,2,3054,-88,-89.9,239.00,3,3078,-90,-92.1,248.60,4,3927,-81,-83.5,335.21,5,1412,-89,-91.2,163.66
RTLS,v3,181290,241,4,2,3026,-88,-89.2,318.77,3,3181,-91,-92.3,259.80,4,3899,-81,-84.3,323.77,5,1384,-89,-91.2,223.12
RTLS,v3,181465,241,4,2,3036,-87,-88.9,309.27,3,3087,-90,-92.0,250.84,4,3904,-82,-83.9,441.45,5,1389,-89,-91.4,217.20
RTLS,v3,181640,241,4,2,3036,-87,-88.8,288.25,3,3054,-91,-92.5,228.14,4,3918,-80,-83.4,359.04,5,1398,-89,-90.9,197.60
RTLS,v3,1710357,240,4,2,3988,-83,-85.2,338.52,3,4077,-92,-93.4,229.34,4,3941,-79,-80.7,429.23,5,1947,-92,-96.3,130.07,IMU,0,0.2413,-0.0201,-0.0262,-0.9699,0.008,0.016,0.000,-0.0039,-0.0059,0.0000
RTLS,v3,181874,241,4,2,3021,-88,-89.0,294.86,3,3068,-91,-92.9,239.00,4,3889,-80,-83.3,376.98,5,1323,-89,-91.6,234.37
RTLS,v3,181999,241,4,2,3040,-88,-89.4,255.74,3,3054,-91,-92.7,236.91,4,3908,-80,-82.3,373.77,5,1408,-89,-91.0,220.20
RTLS,v3,182124,241,4,2,3068,-88,-89.1,295.03,3,3101,-91,-92.8,198.71,4,3918,-82,-84.6,381.98,5,1398,-89,-91.0,193.21
RTLS,v3,182249,241,4,2,3021,-88,-89.1,250.39,3,3101,-91,-92.3,299.62,4,3875,-81,-84.5,325.59,5,1417,-89,-91.7,182.34
RTLS,v3,182374,241,4,2,3050,-87,-88.6,282.33,3,3059,-91,-92.3,254.68,4,3899,-81,-84.2,410.83,5,1473,-89,-91.5,183.29
RTLS,v3,182525,241,3,3,3021,-91,-93.1,240.39,4,3857,-82,-85.3,410.65,5,1403,-89,-91.2,221.71
RTLS,v3,182650,241,4,2,3040,-87,-88.9,273.59,3,3064,-91,-92.1,278.35,4,3922,-80,-82.8,441.00,5,1389,-89,-91.4,199.40
RTLS,v3,1711417,240,4,2,3983,-84,-86.3,363.29,3,4040,-92,-92.9,250.16,4,3932,-81,-83.0,431.64,5,1914,-92,-96.1,95.24,IMU,0,0.2414,-0.0201,-0.0264,-0.9698,0.008,0.008,0.008,0.0000,0.0000,0.0000
RTLS,v3,182933,241,4,2,3050,-87,-88.7,309.07,3,3106,-91,-92.6,206.76,4,3875,-81,-83.7,383.86,5,1408,-89,-90.9,232.84
RTLS,v3,183059,241,4,2,3045,-88,-89.4,265.44,3,3073,-91,-92.7,287.29,4,3885,-81,-84.2,313.98,5,1426,-89,-91.3,225.52
RTLS,v3,183184,241,4,2,3050,-88,-89.8,258.99,3,3059,-91,-92.5,250.61,4,3899,-82,-84.6,385.73,5,1422,-89,-91.9,163.66
RTLS,v3,183334,241,3,3,3073,-91,-92.3,258.66,4,3913,-80,-81.9,430.35,5,1412,-89,-91.4,220.62
RTLS,v3,183460,241,4,2,3026,-88,-88.9,307.25,3,3111,-90,-91.7,253.65,4,3847,-81,-84.1,315.53,5,1389,-89,-92.1,220.47
RTLS,v3,183611,241,3,3,3068,-91,-92.6,227.38,4,3908,-80,-83.0,406.52,5,1370,-89,-90.9,242.35
RTLS,v3,183763,241,3,2,3017,-88,-89.3,344.70,4,3894,-81,-84.5,333.44,5,1431,-89,-91.4,184.34
RTLS,v3,183888,241,4,2,3031,-87,-88.6,257.98,3,3097,-90,-91.8,270.52,4,3889,-82,-84.2,437.86,5,1389,-89,-91.8,165.83
RTLS,v3,184013,241,4,2,3078,-87,-88.2,301.17,3,3097,-90,-92.0,282.88,4,3918,-81,-83.5,377.98,5,1483,-89,-91.4,183.95
RTLS,v3,184187,241,4,2,3007,-87,-88.6,279.56,3,3087,-91,-92.7,261.85,4,3885,-81,-83.8,393.67,5,1426,-89,-91.0,235.96
RTLS,v3,1712956,240,4,2,3997,-85,-86.8,319.86,3,4068,-91,-92.8,251.94,4,3960,-80,-81.9,401.85,5,1933,-92,-96.8,158.71,IMU,0,0.2414,-0.0200,-0.0263,-0.9698,0.008,0.000,0.000,0.0000,0.0000,0.0000
RTLS,v3,184521,241,4,2,3068,-88,-89.3,301.33,3,3073,-90,-92.1,232.50,4,3894,-80,-83.1,409.80,5,1464,-89,-91.5,250.26
RTLS,v3,1713237,240,4,2,3997,-83,-85.1,372.00,3,4044,-92,-94.0,194.84,4,3941,-80,-81.8,471.69,5,1956,-92,-96.2,145.84,IMU,0,0.2414,-0.0204,-0.0261,-0.9698,0.000,0.016,-0.039,0.0078,0.0039,-0.0020
RTLS,v3,184753,241,4,2,3031,-87,-88.8,324.83,3,3073,-91,-92.2,255.20,4,3908,-81,-83.6,398.71,5,1426,-89,-91.3,260.02
RTLS,v3,184905,241,3,2,3050,-87,-89.0,329.41,3,3097,-91,-92.6,284.52,5,1398,-89,-91.2,214.08
RTLS,v3,185031,241,4,2,3050,-87,-89.4,246.04,3,3101,-90,-92.0,264.74,4,3927,-80,-82.8,387.89,5,1393,-89,-91.8,242.74
RTLS,v3,1713745,240,4,2,3997,-84,-87.0,390.35,3,4091,-92,-93.5,244.07,4,3950,-81,-82.5,409.46,5,1938,-92,-96.0,161.14,IMU,0,0.2414,-0.0200,-0.0263,-0.9698,0.008,0.000,0.008,-0.0039,-0.0039,0.0000
RTLS,v3,185261,241,4,2,3036,-88,-89.7,278.19,3,3082,-91,-92.2,226.42,4,3955,-81,-83.0,411.82,5,1426,-89,-91.1,224.99
RTLS,v3,185387,241,4,2,3045,-88,-89.2,335.96,3,3176,-91,-92.3,274.75,4,3885,-81,-83.2,427.12,5,1379,-89,-91.8,187.38
RTLS,v3,185512,241,4,2,3040,-87,-88.8,273.50,3,3092,-91,-92.6,288.73,4,3904,-80,-83.5,344.82,5,1436,-89,-91.7,200.15
RTLS,v3,185652,241,4,2,3031,-87,-89.2,287.11,3,3087,-91,-92.3,259.49,4,3908,-82,-84.0,394.65,5,1426,-89,-91.5,249.75
RTLS,v3,185803,241,3,3,2993,-90,-91.9,228.64,4,3932,-81,-83.0,392.19,5,1422,-89,-91.0,220.54
RTLS,v3,185955,241,3,3,3050,-91,-93.1,243.68,4,3889,-82,-85.4,355.12,5,1436,-89,-91.9,200.78
RTLS,v3,186058,241,3,3,3087,-91,-92.4,227.87,4,3880,-80,-82.9,365.58,5,1469,-89,-92.0,188.47
RTLS,v3,1714776,240,4,2,3969,-84,-86.3,322.27,3,4072,-92,-93.3,283.25,4,3932,-82,-83.4,414.40,5,1924,-92,-96.1,125.40,IMU,0,0.2413,-0.0198,-0.0264,-0.9699,0.016,0.000,-0.039,0.0059,0.0078,0.0000
RTLS,v3,186270,241,3,3,3087,-90,-92.0,253.39,4,3927,-80,-82.0,370.25,5,1426,-89,-90.6,252.68
RTLS,v3,1714984,240,4,2,3946,-83,-84.7,354.15,3,4091,-92,-92.9,218.88,4,3941,-81,-84.0,452.82,5,1942,-92,-96.3,142.41,IMU,0,0.2412,-0.0198,-0.0264,-0.9699,-0.023,0.000,0.008,0.0020,-0.0020,-0.0020
RTLS,v3,186501,241,4,2,2998,-87,-89.0,264.16,3,3064,-91,-92.5,249.16,4,3852,-80,-82.7,406.02,5,1393,-89,-92.2,183.95
RTLS,v3,186626,241,4,2,3073,-87,-89.2,211.97,3,3059,-91,-92.8,236.82,4,3918,-81,-83.5,373.52,5,1393,-89,-91.0,242.88
RTLS,v3,186751,241,4,2,3031,-87,-88.3,327.43,3,3087,-91,-92.9,201.40,4,3927,-81,-84.4,292.62,5,1426,-89,-91.9,154.13
RTLS,v3,186876,241,4,2,3026,-86,-88.7,276.35,3,3111,-90,-91.6,278.28,4,3880,-82,-84.7,417.04,5,1426,-89,-91.6,200.64
RTLS,v3,1715595,240,4,2,3979,-83,-85.0,354.62,3,4007,-92,-93.2,240.67,4,3946,-80,-81.9,420.34,5,1928,-92,-96.1,126.88,IMU,0,0.2411,-0.0197,-0.0264,-0.9699,-0.023,0.000,0.000,0.0000,0.0000,0.0000
RTLS,v3,187111,241,4,2,3036,-87,-88.2,301.93,3,3101,-91,-92.2,278.23,4,3885,-80,-83.4,315.20,5,1370,-89,-91.5,246.40
RTLS,v3,187296,241,4,2,3012,-88,-89.8,308.98,3,3087,-91,-92.3,276.65,4,3880,-81,-84.0,382.98,5,1408,-89,-90.9,261.59
RTLS,v3,187471,241,4,2,3078,-87,-88.8,239.79,3,3073,-91,-92.3,290.48,4,3904,-80,-83.7,397.40,5,1450,-89,-90.9,227.18
RTLS,v3,187597,241,4,2,3036,-87,-88.3,303.07,3,3068,-91,-92.7,198.72,4,3885,-80,-82.6,320.90,5,1492,-89,-91.9,158.92
RTLS,v3,187957,241,4,2,3045,-87,-88.4,344.00,3,3007,-90,-92.2,295.55,4,3875,-81,-84.0,401.73,5,1417,-89,-90.9,198.89
RTLS,v3,188082,241,4,2,3040,-87,-89.1,251.11,3,3092,-91,-92.6,239.82,4,3889,-80,-82.1,386.25,5,1454,-89,-90.9,216.52
RTLS,v3,188207,241,4,2,3012,-88,-89.4,289.19,3,3101,-91,-92.5,226.62,4,3904,-81,-84.3,350.16,5,1440,-89,-91.6,166.68
RTLS,v3,1716926,240,4,2,3993,-85,-86.9,321.55,3,4063,-92,-93.2,255.30,4,3969,-81,-82.9,481.83,5,1956,-92,-96.3,184.76,IMU,0,0.2412,-0.0199,-0.0263,-0.9699,0.008,0.008,0.047,0.0000,0.0000,0.0000
RTLS,v3,188442,241,4,2,3031,-87,-89.3,277.16,3,3087,-90,-91.9,293.55,4,3899,-81,-83.1,419.16,5,1408,-89,-91.8,245.65
RTLS,v3,188568,241,4,2,3007,-87,-88.9,325.79,3,3036,-91,-92.4,308.72,4,3904,-81,-82.9,408.36,5,1412,-89,-91.6,219.11
RTLS,v3,188693,241,4,2,3036,-86,-88.1,360.85,3,3129,-91,-92.5,334.35,4,3871,-81,-83.9,402.94,5,1375,-89,-91.0,186.38
RTLS,v3,188828,241,4,2,3007,-88,-89.6,275.84,3,3082,-91,-92.2,259.99,4,3908,-81,-84.2,344.35,5,1398,-89,-91.2,194.41
RTLS,v3,188954,241,4,2,3036,-87,-88.5,304.64,3,3097,-91,-93.0,240.25,4,3936,-82,-84.5,435.02,5,1393,-89,-91.5,208.20
RTLS,v3,189079,241,4,2,3003,-87,-89.0,274.12,3,3021,-91,-92.9,214.24,4,3889,-81,-84.3,348.13,5,1426,-89,-91.0,175.43
RTLS,v3,189204,241,4,2,3040,-88,-89.5,261.67,3,3082,-90,-92.2,252.19,4,3908,-82,-84.6,421.12,5,1389,-89,-91.3,205.07
RTLS,v3,189326,241,0
RTLS,v3,189450,241,4,2,3031,-87,-89.3,292.13,3,3106,-90,-92.2,198.71,4,3843,-80,-82.5,371.33,5,1408,-89,-91.7,216.39
RTLS,v3,1718175,240,4,2,3988,-83,-85.1,419.18,3,4082,-92,-93.0,250.11,4,3993,-80,-81.4,437.17,5,1905,-92,-96.0,104.07,IMU,0,0.2412,-0.0200,-0.0262,-0.9699,-0.031,0.008,0.000,0.0000,0.0000,0.0000
RTLS,v3,189691,241,4,2,3040,-87,-88.9,237.25,3,3195,-91,-92.7,227.77,4,3889,-81,-83.3,397.79,5,1422,-89,-91.1,228.10
RTLS,v3,189830,241,4,2,3040,-87,-88.9,220.72,3,3097,-90,-92.2,265.70,4,3894,-80,-82.1,416.15,5,1398,-89,-91.4,225.39
RTLS,v3,190005,241,4,2,3021,-87,-88.7,266.97,3,3054,-91,-92.3,241.61,4,3913,-80,-83.8,402.75,5,1393,-89,-92.1,220.10
RTLS,v3,190180,241,4,2,3036,-88,-89.2,284.03,3,3087,-90,-91.7,253.78,4,3880,-81,-83.1,455.40,5,1422,-89,-91.1,201.64
RTLS,v3,190331,241,4,2,2937,-88,-89.3,272.93,3,3054,-90,-92.1,284.78,4,3875,-81,-83.7,425.14,5,1412,-89,-91.9,227.08
RTLS,v3,190457,241,4,2,3036,-88,-89.7,228.87,3,3012,-91,-92.2,272.13,4,3941,-81,-83.9,425.12,5,1393,-89,-91.3,226.47
RTLS,v3,1719174,240,4,2,3960,-84,-85.6,358.00,3,4063,-92,-93.5,252.82,4,3946,-79,-80.2,435.85,5,1956,-92,-96.1,110.47,IMU,0,0.2412,-0.0198,-0.0262,-0.9699,0.016,0.008,-0.031,0.0000,0.0000,0.0000
RTLS,v3,190690,241,4,2,3021,-87,-88.7,341.61,3,3078,-90,-92.0,296.12,4,3993,-82,-84.5,329.37,5,1389,-89,-91.5,205.87
RTLS,v3,190832,241,4,2,3078,-87,-89.0,218.62,3,3111,-90,-92.0,256.13,4,3913,-80,-81.8,401.84,5,1398,-89,-92.1,206.47
RTLS,v3,190958,241,4,2,3050,-87,-88.9,295.41,3,3087,-91,-92.9,205.37,4,3871,-81,-83.4,361.31,5,1412,-89,-91.3,192.52
RTLS,v3,191083,241,4,2,3026,-90,-91.1,191.35,3,3050,-91,-93.1,177.46,4,3922,-81,-83.2,442.48,5,1365,-89,-91.1,200.30
RTLS,v3,191233,241,3,3,3031,-91,-92.6,248.29,4,3899,-80,-82.3,343.40,5,1426,-89,-91.1,207.02
RTLS,v3,191385,241,3,3,3045,-91,-92.2,254.46,4,3866,-81,-83.3,361.06,5,1483,-89,-91.7,195.32
RTLS,v3,1720104,240,4,2,3960,-84,-86.2,297.75,3,4054,-92,-93.2,278.31,4,3974,-81,-83.4,409.19,5,1910,-92,-96.1,179.43,IMU,0,0.2412,-0.0199,-0.0264,-0.9699,0.008,0.000,0.047,0.0000,0.0000,0.0000
RTLS,v3,191598,241,3,3,3101,-90,-91.9,272.62,4,3894,-80,-82.6,375.20,5,1389,-89,-91.6,197.57
RTLS,v3,191702,241,3,3,3097,-91,-92.3,233.99,4,3908,-81,-83.7,401.08,5,1332,-89,-92.2,212.76
RTLS,v3,191827,241,4,2,3082,-87,-88.9,293.77,3,3064,-91,-93.1,234.26,4,3847,-81,-83.4,342.98,5,1393,-89,-91.6,174.93
RTLS,v3,1720544,240,4,2,3997,-84,-87.1,333.43,3,4063,-91,-92.9,252.28,4,3969,-79,-80.7,463.40,5,1928,-92,-96.3,122.61,IMU,0,0.2412,-0.0200,-0.0264,-0.9699,-0.023,0.008,0.008,0.0039,0.0078,0.0000
RTLS,v3,192060,241,4,2,3045,-88,-89.2,244.88,3,3050,-91,-92.4,290.85,4,3875,-80,-82.2,375.08,5,1440,-89,-91.6,161.66
RTLS,v3,192185,241,4,2,3036,-87,-88.7,240.62,3,3101,-90,-92.3,256.32,4,3908,-81,-83.7,390.59,5,1403,-89,-91.6,186.75
RTLS,v3,192448,241,4,2,3040,-87,-89.0,259.92,3,3078,-93,-94.2,160.00,4,3899,-82,-84.9,391.87,5,1440,-89,-91.5,252.21
RTLS,v3,192574,241,4,2,3036,-91,-91.8,142.05,3,3064,-91,-92.9,231.13,4,3908,-81,-84.6,430.57,5,1412,-89,-91.9,141.59
RTLS,v3,1721294,240,4,2,4021,-83,-84.9,298.68,3,4044,-91,-92.9,270.62,4,3955,-80,-81.3,407.48,5,1919,-92,-97.1,115.60,IMU,0,0.2413,-0.0198,-0.0264,-0.9699,-0.031,0.008,0.008,0.0020,-0.0020,-0.0020
RTLS,v3,192859,241,4,2,3059,-87,-89.0,267.20,3,3101,-90,-92.6,198.86,4,3894,-81,-83.9,370.11,5,1422,-89,-92.1,188.80
RTLS,v3,193034,241,4,2,3050,-87,-88.8,276.97,3,3087,-90,-92.3,214.82,4,3899,-80,-81.9,395.61,5,1398,-89,-92.1,202.43
RTLS,v3,1721753,240,4,2,3979,-85,-87.9,371.85,3,4016,-92,-93.0,252.03,4,3922,-79,-82.3,410.98,5,1938,-92,-96.1,151.31,IMU,0,0.2413,-0.0198,-0.0263,-0.9699,-0.016,0.008,0.008,0.0039,-0.0039,0.0000
RTLS,v3,193269,241,4,2,3021,-87,-88.6,328.62,3,3148,-90,-92.2,226.71,4,3880,-81,-83.7,380.94,5,1426,-89,-92.3,199.78
RTLS,v3,193421,241,3,3,3064,-90,-91.9,248.93,4,3908,-82,-84.3,339.55,5,1408,-89,-90.9,175.31
RTLS,v3,193546,241,4,2,3068,-87,-88.6,243.71,3,3073,-91,-92.4,249.30,4,3899,-81,-83.7,386.40,5,1370,-89,-91.2,214.45
RTLS,v3,1722264,240,4,2,4011,-84,-87.8,279.54,3,4068,-91,-92.7,269.23,4,3932,-80,-82.2,412.07,5,1933,-92,-96.3,163.81,IMU,0,0.2413,-0.0196,-0.0264,-0.9699,0.016,-0.039,0.008,0.0000,0.0000,0.0000
RTLS,v3,193780,241,4,2,3036,-87,-89.0,259.89,3,3106,-91,-92.6,221.70,4,3899,-82,-85.8,312.73,5,1417,-89,-92.0,158.39
RTLS,v3,193931,241,3,3,3045,-91,-92.4,264.00,4,3899,-81,-85.2,332.40,5,1398,-89,-91.6,164.44
RTLS,v3,194082,241,3,3,3101,-91,-92.0,240.21,4,3885,-81,-84.3,434.98,5,1408,-89,-91.6,227.02
RTLS,v3,194185,241,3,3,3082,-91,-92.6,270.78,4,3800,-81,-84.3,350.23,5,1426,-89,-90.9,207.15
RTLS,v3,1722953,240,4,2,3974,-86,-88.0,356.45,3,4068,-92,-93.2,209.01,4,3936,-79,-81.0,469.56,5,1971,-92,-97.1,132.02,IMU,0,0.2413,-0.0198,-0.0266,-0.9699,0.008,0.000,0.008,0.0000,0.0000,0.0000
RTLS,v3,194447,241,3,3,3111,-91,-92.3,265.88,4,3880,-81,-83.0,378.14,5,1426,-89,-91.0,223.05
RTLS,v3,1723212,240,4,2,4011,-84,-87.1,290.02,3,4077,-91,-92.4,257.12,4,3965,-81,-83.3,452.43,5,1938,-92,-96.3,127.01,IMU,0,0.2413,-0.0198,-0.0266,-0.9699,0.008,-0.039,0.000,0.0039,0.0020,0.0020
RTLS,v3,194728,241,4,2,3120,-87,-88.4,297.70,3,3054,-91,-92.5,226.38,4,3894,-81,-83.3,382.19,5,1426,-89,-92.1,202.03
RTLS,v3,194854,241,4,2,3021,-87,-89.4,236.88,3,3111,-91,-92.3,251.76,4,3871,-80,-82.9,397.00,5,1398,-89,-91.6,163.68
RTLS,v3,194979,241,4,2,3031,-87,-88.8,357.10,3,3073,-91,-92.2,233.68,4,3918,-81,-85.3,277.62,5,1356,-89,-91.5,196.95
RTLS,v3,195104,241,4,2,3026,-87,-88.9,252.77,3,3021,-90,-92.0,237.49,4,3857,-81,-83.0,384.45,5,1422,-89,-91.6,172.16
RTLS,v3,195229,241,4,2,3021,-88,-89.6,298.53,3,3078,-91,-92.4,234.05,4,3904,-80,-83.0,402.50,5,1403,-89,-92.0,189.72
RTLS,v3,195354,241,4,2,3040,-88,-89.3,300.99,3,3082,-91,-92.5,270.67,4,3880,-80,-82.2,377.14,5,1375,-89,-91.3,253.43
RTLS,v3,1724072,240,4,2,3983,-84,-87.2,293.83,3,4049,-92,-93.0,255.44,4,3918,-80,-82.5,461.75,5,1952,-92,-96.2,155.56,IMU,0,0.2411,-0.0197,-0.0265,-0.9699,0.016,-0.039,0.008,0.0000,0.0020,0.0000
RTLS,v3,195601,241,4,2,3026,-87,-88.9,301.50,3,3073,-91,-92.1,287.66,4,3927,-81,-83.5,375.37,5,1379,-89,-91.1,223.21
RTLS,v3,195752,241,3,3,3073,-90,-92.0,256.51,4,3913,-82,-84.4,404.58,5,1408,-89,-91.6,234.43
RTLS,v3,195926,241,4,2,3036,-87,-88.8,281.18,3,3040,-90,-92.4,206.85,4,3904,-81,-83.7,344.33,5,1408,-89,-90.9,214.85
RTLS,v3,196101,241,4,2,3031,-88,-89.0,318.72,3,3078,-91,-92.3,226.31,4,3889,-81,-83.2,397.70,5,1347,-89,-91.2,200.37
RTLS,v3,1724814,240,4,2,3974,-84,-86.8,332.56,3,4011,-92,-93.2,267.22,4,3932,-80,-81.7,449.75,5,1910,-92,-96.2,100.68,IMU,0,0.2410,-0.0198,-0.0262,-0.9700,0.016,0.047,0.008,0.0020,-0.0059,0.0000
RTLS,v3,196330,241,4,2,3059,-88,-89.5,305.36,3,3097,-90,-92.0,298.03,4,3843,-81,-83.7,333.39,5,1422,-89,-90.9,225.18
RTLS,v3,196482,241,3,2,3031,-87,-89.1,284.68,3,3050,-90,-92.2,235.15,4,3908,-81,-83.2,341.38
RTLS,v3,1725201,240,4,2,3983,-83,-85.8,263.02,3,4077,-92,-92.7,308.18,4,3932,-80,-82.5,438.39,5,1942,-92,-96.0,92.04,IMU,0,0.2411,-0.0198,-0.0262,-0.9700,-0.023,0.047,0.008,0.0000,0.0000,0.0000
RTLS,v3,196723,241,4,2,3073,-87,-88.7,281.84,3,3073,-90,-91.8,258.38,4,3889,-81,-82.9,362.12,5,1403,-89,-91.5,174.34
RTLS,v3,196968,241,4,2,3031,-87,-88.9,305.98,3,3026,-90,-91.9,309.78,4,3880,-81,-83.1,354.54,5,1403,-89,-91.2,221.43
RTLS,v3,197093,241,4,2,3021,-87,-88.6,331.02,3,3045,-90,-92.3,288.60,4,3908,-82,-85.4,425.71,5,1408,-89,-91.4,183.16
RTLS,v3,1725812,240,4,2,4026,-84,-86.7,308.12,3,4007,-92,-92.8,244.49,4,3894,-82,-84.0,391.58,5,1938,-92,-96.0,83.84,IMU,0,0.2411,-0.0198,-0.0262,-0.9700,0.016,0.008,0.008,0.0000,0.0000,0.0000
RTLS,v3,197328,241,4,2,3050,-87,-89.0,281.58,3,3082,-91,-92.2,302.57,4,3899,-81,-83.9,388.44,5,1440,-89,-91.5,184.96
RTLS,v3,197453,241,4,2,3036,-88,-89.6,298.26,3,3064,-91,-93.0,194.04,4,3871,-80,-82.9,362.83,5,1403,-89,-91.2,219.99
RTLS,v3,197603,241,3,3,3078,-90,-91.8,255.03,4,3922,-81,-84.0,469.80,5,1422,-89,-90.9,229.09
RTLS,v3,1726322,240,4,2,3993,-83,-85.0,344.19,3,4091,-92,-92.9,241.82,4,4026,-80,-81.1,517.08,5,1966,-92,-96.4,137.12,IMU,0,0.2411,-0.0200,-0.0263,-0.9700,0.008,0.008,-0.031,0.0000,0.0000,0.0000
RTLS,v3,197838,241,4,2,3040,-87,-88.3,301.98,3,3082,-90,-92.1,266.35,4,3894,-81,-83.0,374.69,5,1464,-89,-91.3,199.62
RTLS,v3,197964,241,4,2,3073,-87,-89.0,293.93,3,3092,-90,-91.9,259.35,4,3875,-82,-84.9,412.04,5,1440,-89,-91.2,235.36
RTLS,v3,198115,241,3,3,3082,-91,-92.5,244.35,4,3889,-81,-83.1,380.34,5,1422,-120,-91.3,229.35
RTLS,v3,1726831,240,4,2,4035,-86,-88.2,339.73,3,4026,-91,-92.9,257.56,4,3946,-80,-82.4,376.63,5,1872,-92,-96.1,139.44,IMU,0,0.2411,-0.0200,-0.0264,-0.9700,0.008,0.000,0.000,0.0000,0.0000,0.0000
RTLS,v3,198347,241,4,2,3059,-87,-88.9,289.80,3,3101,-90,-91.8,276.82,4,3932,-81,-84.3,382.50,5,1478,-89,-91.6,174.01
RTLS,v3,198473,241,4,2,3082,-87,-88.9,301.84,3,3050,-90,-91.9,269.97,4,3974,-81,-83.3,380.10,5,1422,-89,-90.7,212.68
RTLS,v3,198598,241,4,2,3026,-88,-89.4,251.43,3,3111,-91,-92.1,283.21,4,3950,-81,-83.9,386.60,5,1412,-89,-92.3,174.15
RTLS,v3,198736,241,4,2,2965,-87,-88.7,312.70,3,3078,-91,-92.4,305.62,4,3880,-80,-82.8,364.00,5,1403,-89,-91.3,196.21
RTLS,v3,1727452,240,4,2,3993,-84,-86.3,335.12,3,4049,-92,-93.0,289.07,4,3983,-80,-81.9,423.73,5,1994,-92,-96.3,103.66,IMU,0,0.2411,-0.0199,-0.0265,-0.9700,0.016,-0.031,0.008,-0.0059,0.0117,0.0000
RTLS,v3,198969,241,4,2,2989,-88,-89.6,296.03,3,3087,-91,-92.3,256.65,4,3885,-81,-83.7,359.29,5,1422,-89,-91.5,220.64
RTLS,v3,1727682,240,4,2,4035,-83,-86.4,333.89,3,4054,-92,-93.6,244.36,4,4011,-80,-81.5,483.61,5,1971,-92,-95.9,86.52,IMU,0,0.2411,-0.0200,-0.0264,-0.9699,0.016,-0.031,0.008,-0.0078,0.0039,0.0000
RTLS,v3,199247,241,4,2,2998,-87,-89.1,322.02,3,3064,-91,-92.7,252.96,4,3908,-80,-83.4,452.30,5,1450,-89,-91.2,226.66
RTLS,v3,199422,241,4,2,3036,-88,-89.5,276.61,3,3073,-91,-92.2,247.83,4,3904,-80,-82.8,329.13,5,1436,-89,-91.5,155.76
RTLS,v3,199548,241,4,2,3054,-87,-88.8,315.52,3,3054,-91,-92.3,245.31,4,3908,-80,-83.3,481.31,5,1422,-89,-91.1,228.55
RTLS,v3,199673,241,4,2,3045,-87,-88.6,277.09,3,3073,-91,-92.5,223.47,4,3922,-80,-84.1,303.21,5,1403,-89,-91.7,228.10
RTLS,v3,1728391,240,4,2,4021,-86,-88.2,284.97,3,4072,-91,-92.5,247.22,4,3960,-81,-84.3,444.64,5,1975,-92,-96.2,145.47,IMU,0,0.2410,-0.0198,-0.0262,-0.9700,0.016,0.008,0.000,-0.0059,-0.0039,-0.0020
RTLS,v3,199907,241,4,2,3059,-87,-89.0,262.25,3,3106,-91,-92.5,239.44,4,4007,-81,-84.2,441.18,5,1412,-89,-91.9,247.96
RTLS,v3,200032,241,4,2,3031,-87,-88.5,288.93,3,3101,-90,-92.4,231.51,4,3908,-81,-83.5,338.16,5,1431,-89,-91.4,270.35
RTLS,v3,200183,241,3,3,3087,-90,-91.9,243.43,4,3936,-82,-85.8,300.95,5,1398,-89,-91.5,154.91
RTLS,v3,1728902,240,4,2,3993,-84,-86.4,332.07,3,4040,-91,-92.5,267.82,4,3946,-79,-80.4,511.53,5,1933,-92,-96.1,130.04,IMU,0,0.2410,-0.0198,-0.0262,-0.9700,-0.023,0.008,0.008,0.0020,-0.0039,-0.0020
RTLS,v3,200418,241,4,2,3017,-87,-89.2,275.93,3,3073,-90,-91.9,302.38,4,3918,-81,-82.7,351.17,5,1389,-89,-91.1,226.10
RTLS,v3,200544,241,4,2,3040,-87,-89.0,279.78,3,3092,-91,-92.6,208.75,4,3824,-82,-85.7,324.46,5,1398,-89,-91.4,164.05
RTLS,v3,200695,241,3,3,3101,-91,-92.7,309.20,4,3908,-81,-82.6,424.89,5,1408,-89,-91.5,156.54
RTLS,v3,1729411,240,4,2,3960,-85,-87.4,320.97,3,4030,-92,-92.7,250.42,4,3932,-80,-81.8,464.52,5,1961,-92,-95.9,150.36,IMU,0,0.2410,-0.0199,-0.0261,-0.9700,0.016,0.008,-0.039,0.0000,0.0000,0.0000
RTLS,v3,200927,241,4,2,3031,-88,-89.3,279.42,3,3125,-91,-92.4,236.63,4,3908,-81,-83.0,430.66,5,1422,-89,-91.1,219.19
RTLS,v3,201077,241,3,3,3050,-90,-92.0,297.22,4,3908,-80,-83.7,327.63,5,1417,-89,-91.0,187.93
RTLS,v3,201203,241,4,2,3012,-88,-88.8,278.78,3,3082,-90,-91.9,268.22,4,3918,-81,-83.7,303.65,5,1389,-89,-91.4,228.25
RTLS,v3,1730092,240,4,2,3997,-87,-88.4,338.48,3,4054,-92,-92.9,276.55,4,3974,-82,-84.7,392.54,5,1919,-92,-95.9,90.93,IMU,0,0.2410,-0.0198,-0.0262,-0.9700,0.008,-0.031,-0.031,0.0000,0.0000,0.0000
RTLS,v3,201608,241,4,2,3050,-87,-88.3,327.50,3,3097,-91,-92.5,261.05,4,3894,-82,-84.7,415.62,5,1412,-89,-91.9,219.60
RTLS,v3,201759,241,3,3,3078,-91,-92.9,271.53,4,3866,-81,-84.7,389.98,5,1422,-89,-91.4,241.29
RTLS,v3,201884,241,4,2,3031,-87,-88.7,351.60,3,3068,-90,-91.9,264.07,4,3889,-82,-84.3,482.12,5,1426,-89,-91.7,178.79
RTLS,v3,1730630,240,3,2,3965,-85,-88.1,390.37,3,4030,-91,-92.7,220.92,5,1928,-92,-96.4,161.21,IMU,0,0.2408,-0.0200,-0.0262,-0.9700,0.008,0.008,0.008,-0.0039,0.0000,0.0000
RTLS,v3,202146,241,4,2,3036,-87,-88.8,289.77,3,3097,-91,-92.9,280.85,4,3908,-81,-84.1,410.25,5,1408,-89,-91.3,209.35
RTLS,v3,202272,241,4,2,3017,-87,-88.7,235.07,3,3082,-90,-91.8,222.64,4,3875,-81,-84.1,429.02,5,1412,-89,-91.8,152.20
RTLS,v3,202446,241,4,2,3012,-87,-88.8,332.98,3,3106,-91,-92.7,266.58,4,3908,-81,-83.8,383.52,5,1454,-89,-91.1,226.18
RTLS,v3,202621,241,4,2,2993,-88,-89.1,305.27,3,3092,-90,-92.2,205.85,4,3871,-81,-83.5,425.00,5,1389,-89,-91.2,224.49
RTLS,v3,202772,241,3,3,3120,-91,-92.3,252.24,4,3936,-80,-81.8,387.34,5,1431,-89,-91.7,177.80
RTLS,v3,1731490,240,4,2,3988,-86,-88.4,310.80,3,4026,-92,-92.9,273.14,4,3946,-82,-83.9,447.25,5,1886,-92,-96.1,114.67,IMU,0,0.2409,-0.0201,-0.0262,-0.9700,-0.070,0.008,0.000,0.0098,-0.0039,0.0000
RTLS,v3,203006,241,4,2,3082,-87,-88.8,361.98,3,3106,-90,-92.0,243.64,4,3927,-80,-82.7,332.54,5,1384,-89,-91.2,213.62
RTLS,v3,203132,241,4,2,3012,-87,-88.9,280.03,3,3101,-91,-92.4,245.91,4,3922,-82,-85.5,360.27,5,1417,-89,-91.3,229.73
RTLS,v3,203283,241,3,3,3082,-90,-91.8,298.23,4,3927,-81,-83.0,424.90,5,1393,-89,-91.3,170.55
RTLS,v3,203565,241,4,2,3012,-87,-88.8,327.13,3,3106,-90,-92.2,219.00,4,3918,-80,-82.2,351.81,5,1393,-89,-91.0,247.05
RTLS,v3,203691,241,4,2,3036,-88,-89.2,252.40,3,3092,-91,-93.0,223.28,4,3927,-81,-85.0,396.45,5,1417,-89,-92.0,173.24
RTLS,v3,203816,241,4,2,3031,-87,-88.9,256.04,3,3134,-91,-92.4,215.94,4,3875,-80,-82.8,421.42,5,1436,-89,-90.9,269.04
RTLS,v3,203941,241,4,2,3050,-87,-88.6,283.08,3,3101,-91,-92.2,283.42,4,3880,-80,-83.9,378.59,5,1379,-89,-90.9,269.60
RTLS,v3,1732740,240,3,2,3988,-84,-86.3,360.23,3,4096,-91,-92.6,257.17,4,3894,-79,-80.0,477.06,IMU,0,0.2409,-0.0203,-0.0264,-0.9700,0.008,0.008,0.008,0.0000,0.0000,0.0000
RTLS,v3,204256,241,4,2,3017,-87,-88.6,291.08,3,3078,-91,-92.7,217.75,4,3899,-81,-83.0,436.75,5,1393,-89,-91.0,238.00
RTLS,v3,204407,241,3,3,3082,-91,-92.7,214.68,4,3941,-82,-85.7,280.70,5,1403,-89,-91.3,207.04
RTLS,v3,204560,241,3,2,3068,-87,-88.8,282.15,3,3068,-90,-92.0,230.70,5,1412,-89,-91.6,194.17
RTLS,v3,204681,241,0
RTLS,v3,204811,241,2,2,3026,-87,-88.9,311.83,3,3101,-91,-92.3,260.18
RTLS,v3,204986,241,2,2,3036,-87,-89.1,252.60,3,3097,-90,-92.3,209.18
RTLS,v3,205115,241,2,3,3054,-91,-92.5,234.01,4,3861,-81,-83.6,411.41
RTLS,v3,205240,241,4,2,3059,-87,-89.0,259.88,3,3078,-90,-92.0,237.64,4,3918,-80,-82.8,374.84,5,1417,-89,-91.0,218.42
RTLS,v3,205414,241,4,2,3021,-88,-88.8,318.30,3,3092,-90,-92.4,268.98,4,3885,-80,-81.9,339.87,5,1492,-89,-91.8,216.35
RTLS,v3,205589,241,4,2,2975,-88,-89.5,296.55,3,3059,-91,-93.0,211.40,4,3913,-82,-85.2,394.69,5,1436,-89,-91.5,266.08
RTLS,v3,205715,241,4,2,3040,-87,-88.9,297.53,3,3078,-90,-92.0,239.97,4,3922,-80,-83.4,354.98,5,1426,-89,-90.9,185.49
RTLS,v3,205867,241,3,2,3054,-87,-89.0,295.04,3,3078,-90,-91.9,247.57,5,1389,-89,-91.6,171.44
RTLS,v3,205993,241,4,2,3045,-87,-88.8,225.26,3,3101,-90,-91.7,264.19,4,3833,-81,-85.1,329.77,5,1445,-89,-90.8,214.07
RTLS,v3,206144,241,3,3,3097,-91,-92.1,243.58,4,3936,-81,-83.0,447.83,5,1426,-89,-91.1,182.02
RTLS,v3,206294,241,3,3,3092,-90,-91.8,264.75,4,3918,-81,-84.0,398.62,5,1412,-89,-91.5,184.98
RTLS,v3,206424,241,2,4,3885,-81,-84.4,331.69,5,1426,-89,-91.3,258.30
RTLS,v3,206527,241,3,3,3050,-90,-92.0,213.05,4,3913,-80,-82.3,417.77,5,1445,-89,-91.5,216.49
RTLS,v3,206652,241,4,2,3036,-87,-88.9,317.63,3,3021,-90,-92.1,247.26,4,3894,-81,-83.6,425.80,5,1332,-89,-91.7,219.91
RTLS,v3,206777,241,4,2,3026,-87,-89.2,249.56,3,3050,-90,-92.1,248.71,4,3918,-81,-83.8,382.54,5,1403,-89,-91.2,221.99
RTLS,v3,206902,241,4,2,3036,-87,-89.2,307.62,3,3054,-91,-92.4,275.49,4,3922,-80,-83.2,347.93,5,1408,-89,-91.2,178.33
RTLS,v3,1735598,240,3,2,3974,-85,-86.5,337.57,3,4054,-91,-92.6,270.80,4,4026,-80,-82.8,347.41,IMU,0,0.2409,-0.0202,-0.0262,-0.9700,0.000,0.008,0.000,0.0000,0.0000,0.0000
RTLS,v3,207114,241,4,2,3078,-87,-88.5,316.89,3,3101,-91,-92.1,263.53,4,3908,-81,-83.0,355.71,5,1431,-89,-91.1,207.07
RTLS,v3,207240,241,4,2,3036,-88,-89.4,307.27,3,3097,-91,-92.2,286.70,4,3913,-81,-83.0,352.81,5,1389,-89,-91.1,244.10
RTLS,v3,207365,241,4,2,3017,-88,-88.9,229.19,3,3115,-90,-91.9,250.07,4,3861,-82,-84.4,336.75,5,1351,-89,-91.3,235.46
RTLS,v3,207490,241,4,2,3050,-87,-88.7,267.22,3,3050,-91,-92.6,269.43,4,3932,-81,-83.2,418.27,5,1431,-89,-91.4,214.12
RTLS,v3,207736,241,4,2,3031,-88,-89.8,225.66,3,3078,-90,-92.3,242.21,4,3913,-82,-86.0,353.44,5,1408,-89,-91.3,255.82
RTLS,v3,207862,241,4,2,3045,-88,-89.1,315.85,3,3050,-90,-92.2,271.92,4,3875,-82,-84.7,336.78,5,1398,-89,-91.1,187.49
RTLS,v3,208036,241,4,2,3073,-88,-89.0,297.75,3,3078,-90,-92.2,261.64,4,3894,-82,-85.8,350.55,5,1431,-89,-91.1,200.03
RTLS,v3,208211,241,4,2,3050,-87,-89.0,293.02,3,3078,-91,-92.3,283.18,4,3857,-80,-83.2,307.88,5,1408,-89,-91.5,173.34
RTLS,v3,1736928,240,4,2,3946,-85,-86.8,351.61,3,4058,-92,-92.8,230.64,4,4016,-81,-83.5,379.33,5,1919,-92,-96.0,143.55,IMU,0,0.2408,-0.0201,-0.0263,-0.9700,0.008,0.008,0.008,0.0020,0.0039,0.0000
RTLS,v3,208595,241,3,3,3111,-90,-92.1,234.93,4,3922,-80,-83.2,349.50,5,1389,-89,-91.0,198.47
RTLS,v3,208747,241,3,3,3078,-91,-92.6,297.06,4,3913,-80,-82.7,406.64,5,1398,-89,-91.2,226.32
RTLS,v3,208876,241,2,4,3843,-80,-83.0,353.65,5,1422,-89,-91.0,251.60
RTLS,v3,209005,241,2,4,3885,-80,-82.5,400.30,5,1379,-89,-92.2,193.73
RTLS,v3,209134,241,2,4,3875,-80,-82.1,408.43,5,1408,-89,-91.3,212.95
RTLS,v3,209237,241,3,2,2998,-87,-88.8,260.31,4,3880,-81,-83.9,397.91,5,1389,-89,-90.7,245.28
RTLS,v3,1737958,240,4,2,4063,-85,-87.0,339.38,3,4096,-92,-93.0,266.58,4,3969,-82,-85.2,393.30,5,1928,-92,-96.6,136.36,IMU,0,0.2409,-0.0201,-0.0262,-0.9700,-0.031,0.008,0.008,0.0000,0.0000,0.0000
RTLS,v3,209474,241,4,2,3082,-87,-88.9,245.79,3,3087,-91,-92.3,276.67,4,3889,-80,-82.3,392.14,5,1403,-89,-91.3,281.85
RTLS,v3,209625,241,3,3,3068,-90,-91.8,246.78,4,3904,-81,-83.7,373.10,5,1403,-89,-91.1,214.15
RTLS,v3,209751,241,4,2,3021,-87,-89.0,280.24,3,3068,-91,-92.2,267.56,4,3955,-80,-82.4,378.04,5,1440,-89,-91.2,236.89
RTLS,v3,1738467,240,4,2,3969,-83,-85.6,284.34,3,4011,-92,-93.3,255.37,4,3946,-80,-81.7,479.00,5,1947,-92,-96.1,124.21,IMU,0,0.2409,-0.0201,-0.0262,-0.9700,0.008,0.008,0.000,0.0020,0.0020,0.0000
RTLS,v3,209984,241,4,2,3111,-87,-88.7,345.25,3,3111,-90,-91.9,229.14,4,3880,-80,-82.8,377.64,5,1431,-89,-91.1,207.14
RTLS,v3,210134,241,3,3,3064,-91,-92.1,240.69,4,3875,-82,-85.0,420.33,5,1365,-89,-91.8,183.96
RTLS,v3,210286,241,3,3,3087,-90,-92.2,269.97,4,3885,-80,-82.7,364.85,5,1422,-89,-91.3,189.16
RTLS,v3,210389,241,3,3,3101,-91,-92.6,222.51,4,3833,-81,-83.1,388.20,5,1398,-89,-91.5,223.92
RTLS,v3,1739106,240,4,2,4030,-85,-88.2,360.46,3,4058,-92,-93.1,277.16,4,3936,-81,-83.4,448.25,5,1966,-92,-96.6,134.52,IMU,0,0.2409,-0.0200,-0.0263,-0.9700,-0.031,0.008,-0.039,-0.0020,-0.0020,-0.0020
RTLS,v3,210600,241,3,3,3078,-91,-92.6,248.20,4,3899,-82,-85.0,393.31,5,1422,-89,-92.1,203.18
RTLS,v3,1739317,240,4,2,4040,-83,-84.8,352.77,3,4072,-92,-92.8,275.34,4,3950,-80,-82.5,453.92,5,1956,-92,-96.3,139.16,IMU,0,0.2408,-0.0201,-0.0263,-0.9700,-0.023,-0.031,0.000,0.0000,0.0000,0.0000
RTLS,v3,210833,241,4,2,3040,-88,-89.2,302.12,3,3078,-90,-92.2,287.53,4,3927,-80,-82.4,412.68,5,1393,-89,-91.1,262.19
RTLS,v3,211008,241,4,2,3120,-87,-88.9,355.29,3,3068,-91,-92.5,268.23,4,3875,-80,-82.0,394.57,5,1384,-89,-91.4,185.33
RTLS,v3,1739727,240,4,2,3979,-83,-84.8,343.83,3,3965,-92,-93.6,253.36,4,3969,-80,-82.1,384.16,5,1895,-92,-96.1,112.11,IMU,0,0.2408,-0.0200,-0.0262,-0.9700,0.008,0.000,0.000,0.0000,0.0000,0.0000
RTLS,v3,211292,241,4,2,3040,-87,-89.1,206.02,3,3120,-91,-92.9,282.81,4,3904,-80,-82.9,376.11,5,1408,-89,-92.2,157.03
RTLS,v3,211418,241,4,2,3045,-87,-89.0,276.80,3,3082,-91,-92.7,242.06,4,3904,-81,-84.3,313.35,5,1412,-89,-91.4,230.57
RTLS,v3,1740137,240,4,2,3983,-85,-87.7,333.68,3,4087,-92,-93.0,256.49,4,3927,-81,-82.9,444.07,5,1914,-92,-96.2,125.09,IMU,0,0.2408,-0.0200,-0.0264,-0.9700,-0.031,-0.039,0.000,0.0000,0.0000,0.0000
RTLS,v3,211653,241,4,2,3017,-87,-88.9,299.79,3,3101,-90,-92.4,223.91,4,3913,-80,-84.0,345.55,5,1450,-89,-91.0,216.06
RTLS,v3,211806,241,3,2,3017,-88,-90.0,264.63,4,3880,-81,-83.2,421.98,5,1436,-89,-91.4,245.58
RTLS,v3,211931,241,4,2,3026,-87,-88.7,281.67,3,3097,-91,-92.8,221.90,4,3880,-81,-83.1,336.79,5,1412,-89,-91.5,197.52
RTLS,v3,1740647,240,4,2,3979,-83,-85.7,366.23,3,4044,-92,-93.0,259.01,4,3899,-79,-80.7,421.20,5,1900,-92,-95.9,114.71,IMU,0,0.2408,-0.0200,-0.0264,-0.9700,0.008,0.000,-0.031,0.0000,0.0000,0.0000
RTLS,v3,212163,241,4,2,3007,-87,-89.4,242.59,3,3073,-91,-92.6,239.60,4,3918,-82,-85.8,341.38,5,1375,-89,-91.9,210.69
RTLS,v3,212288,241,4,2,3021,-87,-88.8,286.15,3,3078,-91,-92.3,272.04,4,3885,-80,-82.1,426.77,5,1389,-89,-91.1,221.56
RTLS,v3,212413,241,4,2,3040,-86,-88.1,326.46,3,3050,-91,-92.2,256.29,4,3889,-82,-85.0,391.67,5,1393,-89,-92.0,231.63
RTLS,v3,212580,241,3,3,3097,-91,-92.0,236.10,4,3894,-81,-84.6,376.85,5,1459,-89,-91.3,242.86
RTLS,v3,1741294,240,4,2,4035,-85,-88.2,303.02,3,4030,-92,-93.5,236.82,4,3988,-80,-81.5,423.95,5,1952,-92,-96.3,93.46,IMU,0,0.2407,-0.0200,-0.0264,-0.9700,0.000,0.008,0.008,0.0000,-0.0020,0.0000
RTLS,v3,212810,241,4,2,3040,-87,-89.0,281.08,3,3087,-91,-92.7,215.41,4,3950,-80,-83.0,405.39,5,1384,-89,-91.3,206.32
RTLS,v3,1741526,240,4,2,3993,-85,-87.0,297.64,3,4072,-92,-92.9,253.93,4,3946,-80,-82.8,474.10,5,1933,-92,-96.4,141.60,IMU,0,0.2407,-0.0202,-0.0263,-0.9700,0.000,0.008,0.008,-0.0039,-0.0020,0.0000
RTLS,v3,213053,241,4,2,3059,-87,-88.8,240.15,3,3036,-90,-92.1,220.46,4,3880,-82,-85.5,314.62,5,1398,-89,-90.8,211.52
RTLS,v3,213179,241,4,2,3021,-87,-89.0,274.15,3,3073,-91,-92.5,221.04,4,3852,-80,-83.2,332.83,5,1412,-89,-91.3,205.21
RTLS,v3,213304,241,4,2,3012,-87,-88.7,326.62,3,3078,-90,-92.1,266.64,4,3843,-80,-82.3,463.40,5,1370,-89,-91.0,184.08
RTLS,v3,213582,241,3,2,3059,-88,-89.0,292.55,4,3894,-80,-84.0,319.52,5,1408,-89,-91.8,169.92
RTLS,v3,213707,241,4,2,3040,-88,-89.1,301.64,3,3078,-90,-92.2,262.81,4,3908,-80,-84.2,330.14,5,1483,-89,-91.5,213.63
RTLS,v3,1742426,240,4,2,3988,-83,-85.4,324.27,3,4152,-92,-93.1,242.21,4,3946,-79,-80.9,428.65,5,1942,-92,-96.1,84.38,IMU,0,0.2407,-0.0200,-0.0264,-0.9700,-0.023,-0.031,0.000,-0.0039,0.0020,0.0020
RTLS,v3,214145,241,3,2,3040,-87,-89.3,238.28,3,3059,-91,-92.2,298.08,4,3866,-82,-84.4,385.19
RTLS,v3,1742865,240,4,2,4035,-84,-86.1,350.65,3,4026,-92,-93.9,229.99,4,3979,-80,-82.5,460.60,5,1928,-92,-96.9,146.73,IMU,0,0.2407,-0.0200,-0.0264,-0.9700,0.008,0.008,-0.031,-0.0059,-0.0156,0.0000
RTLS,v3,214430,241,4,2,3036,-88,-89.0,273.10,3,3087,-91,-92.6,269.18,4,3927,-80,-82.5,443.30,5,1440,-89,-91.6,169.54
RTLS,v3,1743205,240,4,2,3979,-84,-86.5,333.00,3,4035,-91,-92.5,231.28,4,3960,-80,-81.7,411.52,5,1942,-92,-96.2,150.57,IMU,0,0.2408,-0.0201,-0.0264,-0.9700,-0.031,-0.031,0.008,0.0059,0.0098,0.0000
RTLS,v3,214721,241,4,2,3017,-88,-89.4,278.10,3,3082,-91,-92.6,271.22,4,3861,-81,-84.2,321.83,5,1356,-89,-91.9,120.33
RTLS,v3,214847,241,4,2,3045,-88,-89.2,321.45,3,3064,-91,-92.5,220.94,4,3889,-81,-83.9,300.45,5,1398,-89,-92.0,153.30
RTLS,v3,214972,241,4,2,3050,-87,-89.2,307.40,3,3097,-91,-92.3,246.47,4,3918,-82,-84.5,378.46,5,1436,-89,-90.8,228.24
RTLS,v3,215097,241,4,2,3050,-88,-89.2,320.30,3,3092,-91,-92.8,263.12,4,3847,-81,-83.1,409.80,5,1431,-89,-91.4,207.53
RTLS,v3,1743867,240,4,2,4011,-84,-85.4,347.60,3,4054,-92,-93.0,248.69,4,4058,-80,-81.9,469.60,5,1905,-92,-95.9,153.27,IMU,0,0.2408,-0.0198,-0.0266,-0.9700,-0.031,0.039,0.008,0.0020,-0.0039,0.0000
RTLS,v3,215383,241,4,2,3045,-87,-88.5,305.93,3,3073,-90,-92.4,208.11,4,3866,-81,-83.1,491.78,5,1384,-89,-91.4,199.62
RTLS,v3,215533,241,3,3,3097,-91,-92.3,274.59,4,3885,-81,-84.2,342.37,5,1408,-89,-91.3,226.94
RTLS,v3,215685,241,3,2,3007,-87,-89.2,263.10,4,3871,-82,-84.6,441.95,5,1431,-89,-92.2,167.69
RTLS,v3,215810,241,4,2,3040,-88,-89.7,353.66,3,3007,-90,-91.8,258.59,4,3908,-80,-82.0,408.07,5,1408,-89,-92.3,184.01
RTLS,v3,1744556,240,3,2,4021,-85,-88.0,308.72,4,3950,-80,-83.1,367.05,5,1900,-92,-96.7,135.00,IMU,0,0.2408,-0.0199,-0.0263,-0.9700,0.008,0.008,0.008,0.0000,0.0059,0.0020
RTLS,v3,216072,241,4,2,3045,-87,-88.6,332.13,3,3078,-90,-92.4,231.07,4,3899,-81,-83.4,402.81,5,1417,-89,-91.9,210.91
RTLS,v3,216197,241,4,2,3068,-87,-88.4,301.71,3,3092,-91,-92.6,280.03,4,3838,-81,-84.5,319.63,5,1422,-89,-91.3,209.02
RTLS,v3,216322,241,4,2,3045,-87,-88.8,255.19,3,3026,-91,-92.6,220.27,4,3918,-82,-84.4,437.18,5,1412,-89,-91.2,229.01
RTLS,v3,216447,241,4,2,3026,-87,-88.9,259.35,3,3120,-91,-92.4,269.94,4,3885,-82,-84.9,419.23,5,1375,-89,-92.3,173.97
RTLS,v3,216693,241,4,2,3031,-87,-88.9,262.59,3,3087,-91,-92.9,224.82,4,3899,-81,-83.9,360.00,5,1440,-89,-91.6,245.09
RTLS,v3,1745415,240,4,2,3983,-83,-85.9,337.06,3,4044,-91,-92.4,240.78,4,3955,-81,-83.2,376.65,5,2013,-92,-96.1,120.86,IMU,0,0.2407,-0.0203,-0.0262,-0.9700,0.000,0.008,0.008,0.0020,0.0039,0.0000
RTLS,v3,216931,241,4,2,3054,-87,-88.4,282.35,3,3115,-90,-91.9,206.65,4,3918,-80,-83.5,342.09,5,1417,-89,-91.3,216.20
RTLS,v3,217056,241,4,2,3021,-88,-89.3,346.07,3,3101,-91,-92.4,255.13,4,3922,-80,-82.9,396.66,5,1412,-89,-91.9,201.66
RTLS,v3,217194,241,4,2,2979,-87,-89.4,228.57,3,3054,-90,-92.0,226.07,4,3899,-80,-82.3,411.61,5,1412,-89,-91.9,212.85
RTLS,v3,217480,241,4,2,3040,-88,-89.3,269.10,3,3101,-91,-92.6,261.17,4,3880,-80,-83.0,395.61,5,1445,-89,-91.1,249.04
RTLS,v3,217655,241,4,2,3026,-87,-88.8,306.12,3,3003,-91,-92.6,224.25,4,3894,-81,-84.5,427.27,5,1403,-89,-91.4,187.44
RTLS,v3,217807,241,3,3,3082,-90,-92.0,252.44,4,3880,-80,-82.1,445.85,5,1440,-89,-90.8,235.42
RTLS,v3,1746523,240,4,2,4063,-83,-85.0,415.30,3,4063,-92,-93.1,247.40,4,3927,-80,-81.7,483.80,5,1942,-92,-96.4,151.19,IMU,0,0.2405,-0.0203,-0.0261,-0.9701,0.000,0.008,0.016,0.0020,0.0098,0.0000
RTLS,v3,218039,241,4,2,3045,-87,-89.1,282.37,3,3101,-90,-91.9,250.33,4,3852,-80,-81.9,341.25,5,1403,-89,-91.2,194.99
RTLS,v3,1746752,240,4,2,4011,-85,-87.5,320.27,3,4049,-92,-92.7,227.60,4,3965,-81,-82.7,438.55,5,1919,-92,-96.2,116.23,IMU,0,0.2406,-0.0206,-0.0261,-0.9700,0.000,0.008,-0.031,-0.0059,-0.0059,0.0000
RTLS,v3,218277,241,4,2,3125,-86,-88.4,265.97,3,3087,-91,-92.3,266.91,4,3918,-80,-83.0,402.70,5,1412,-89,-91.3,240.80
RTLS,v3,218403,241,4,2,3064,-88,-89.9,235.57,3,3111,-90,-91.9,262.20,4,3885,-81,-84.0,378.36,5,1375,-89,-91.2,222.43
RTLS,v3,218528,241,4,2,3040,-87,-88.3,346.17,3,3064,-91,-92.6,239.67,4,3889,-82,-84.4,354.70,5,1356,-89,-91.6,263.58
RTLS,v3,218653,241,4,2,3021,-88,-89.2,313.45,3,3097,-90,-92.3,253.50,4,3871,-80,-82.8,328.15,5,1408,-89,-91.6,179.07
RTLS,v3,218778,241,4,2,3031,-88,-89.6,245.63,3,3097,-90,-91.8,227.01,4,3894,-82,-84.5,455.80,5,1417,-89,-91.9,194.75
RTLS,v3,218904,241,4,2,3036,-87,-88.5,320.87,3,3115,-91,-92.5,232.14,4,3885,-82,-84.8,386.79,5,1389,-89,-90.9,207.49
RTLS,v3,219055,241,3,3,3078,-91,-92.4,248.43,4,3965,-80,-82.0,393.00,5,1422,-89,-91.3,179.82
RTLS,v3,1747773,240,4,2,4021,-84,-87.1,291.47,3,4049,-92,-92.8,274.39,4,3922,-80,-81.7,382.85,5,1933,-92,-96.3,162.58,IMU,0,0.2405,-0.0202,-0.0264,-0.9701,0.000,0.008,0.008,-0.0039,0.0000,0.0000
RTLS,v3,219290,241,4,2,3050,-88,-89.3,283.47,3,3064,-90,-91.8,235.88,4,3875,-81,-83.1,374.27,5,1389,-89,-91.4,235.56
RTLS,v3,219415,241,4,2,3017,-87,-89.1,301.14,3,3087,-90,-91.8,240.67,4,3913,-80,-81.8,398.18,5,1436,-89,-91.9,202.42
RTLS,v3,219565,241,3,3,3097,-91,-92.2,267.34,4,3941,-80,-82.0,423.38,5,1398,-89,-91.2,207.21
RTLS,v3,1748284,240,4,2,4007,-83,-86.0,263.08,3,4007,-92,-93.3,255.92,4,3927,-80,-82.1,427.08,5,1971,-92,-95.7,160.05,IMU,0,0.2406,-0.0203,-0.0266,-0.9700,-0.039,-0.031,-0.031,0.0020,0.0020,0.0020
RTLS,v3,219800,241,4,2,3026,-87,-88.7,311.50,3,3045,-91,-92.6,261.62,4,3889,-82,-85.0,380.19,5,1398,-89,-90.9,245.41
RTLS,v3,219926,241,4,2,3021,-88,-90.0,253.61,3,3092,-90,-91.8,247.32,4,3927,-81,-84.6,357.06,5,1375,-89,-91.3,194.99
RTLS,v3,220076,241,3,3,3054,-91,-93.0,244.97,4,3946,-82,-84.5,420.65,5,1398,-89,-91.3,226.22
RTLS,v3,1748825,240,3,2,3974,-84,-86.6,315.73,4,3932,-81,-83.1,492.45,5,1952,-92,-96.3,169.56,IMU,0,0.2407,-0.0199,-0.0266,-0.9700,0.008,-0.031,-0.031,-0.0020,-0.0039,0.0000
RTLS,v3,220341,241,4,2,3003,-88,-89.1,284.44,3,3092,-90,-92.5,247.19,4,3908,-80,-82.9,418.65,5,1384,-89,-91.5,176.74
RTLS,v3,220515,241,4,2,3026,-88,-89.3,281.31,3,3082,-91,-92.1,236.28,4,3922,-81,-83.6,422.83,5,1436,-89,-91.8,258.20
RTLS,v3,1749232,240,4,2,4030,-83,-86.0,270.09,3,4035,-92,-92.8,252.83,4,3960,-81,-82.9,417.96,5,1928,-92,-96.2,136.61,IMU,0,0.2407,-0.0199,-0.0266,-0.9700,0.051,0.008,0.047,0.0000,0.0000,0.0000
RTLS,v3,220797,241,4,2,3031,-86,-88.2,354.65,3,3097,-90,-92.1,236.44,4,3974,-81,-83.0,363.02,5,1398,-89,-91.4,234.16
RTLS,v3,220949,241,3,3,3087,-90,-92.0,237.57,4,3913,-81,-82.9,476.38,5,1417,-89,-90.8,197.01
RTLS,v3,1749665,240,4,2,3950,-83,-84.6,388.48,3,4124,-92,-93.9,225.79,4,3950,-79,-80.9,423.15,5,1924,-92,-96.5,151.00,IMU,0,0.2407,-0.0200,-0.0266,-0.9700,-0.031,0.000,-0.039,0.0000,0.0000,0.0000
RTLS,v3,221181,241,4,2,3036,-88,-90.0,224.06,3,3106,-90,-92.2,277.15,4,3885,-81,-83.2,362.54,5,1464,-89,-91.4,192.04
RTLS,v3,221306,241,4,2,3026,-87,-88.9,270.06,3,3087,-91,-92.3,233.95,4,3936,-81,-83.2,477.73,5,1422,-89,-91.1,262.48
RTLS,v3,221457,241,3,3,3087,-90,-92.4,245.56,4,3861,-80,-82.8,374.75,5,1384,-89,-91.5,205.89
RTLS,v3,1750172,240,4,2,4007,-85,-87.8,352.16,3,4063,-92,-93.2,262.85,4,3965,-81,-83.0,399.44,5,1985,-92,-96.6,173.04,IMU,0,0.2407,-0.0200,-0.0265,-0.9700,0.008,0.008,0.000,0.0000,0.0000,0.0000
RTLS,v3,221688,241,4,2,3026,-87,-88.4,278.16,3,3120,-90,-92.0,260.61,4,3918,-81,-84.5,282.98,5,1431,-89,-91.5,184.09
RTLS,v3,221814,241,4,2,3031,-88,-89.4,230.50,3,3068,-90,-92.1,238.09,4,3904,-82,-85.2,354.02,5,1389,-89,-91.3,207.85
RTLS,v3,221965,241,3,3,3068,-91,-92.3,272.08,4,3852,-80,-83.3,343.23,5,1398,-89,-91.8,171.72
RTLS,v3,1750682,240,4,2,3988,-84,-86.0,358.23,3,4110,-92,-92.8,246.26,4,3946,-80,-82.3,472.50,5,1942,-92,-96.0,128.52,IMU,0,0.2407,-0.0200,-0.0264,-0.9700,0.008,0.008,0.000,0.0000,0.0000,0.0000
RTLS,v3,222199,241,4,2,3036,-87,-89.4,229.31,3,3073,-91,-92.7,210.99,4,3885,-82,-85.3,363.79,5,1436,-89,-91.4,269.71
RTLS,v3,222350,241,3,3,3129,-90,-91.7,268.94,4,3889,-80,-83.0,375.20,5,1422,-89,-90.9,230.72
RTLS,v3,222475,241,4,2,3045,-87,-88.5,342.40,3,3092,-90,-92.0,285.91,4,3852,-81,-83.0,446.70,5,1398,-89,-91.3,240.58
RTLS,v3,1751194,240,4,2,3993,-84,-85.9,364.79,3,4030,-92,-93.6,277.64,4,3913,-80,-81.5,490.36,5,1942,-92,-96.0,105.18,IMU,0,0.2407,-0.0199,-0.0263,-0.9700,0.016,0.008,0.000,0.0000,0.0000,0.0000
RTLS,v3,222710,241,4,2,3045,-88,-89.2,247.99,3,3073,-90,-91.6,251.62,4,3838,-82,-84.4,447.52,5,1469,-89,-92.0,226.95
RTLS,v3,222835,241,4,2,3059,-88,-89.0,267.79,3,3078,-91,-92.7,260.65,4,3908,-80,-82.3,495.03,5,1412,-89,-91.9,212.07
RTLS,v3,222999,241,3,3,3092,-91,-92.4,261.37,4,3875,-82,-84.2,424.56,5,1398,-89,-90.7,199.42
RTLS,v3,223124,241,4,2,3054,-87,-88.3,275.89,3,3120,-90,-92.5,253.60,4,3908,-81,-83.7,354.71,5,1431,-89,-90.9,208.63
RTLS,v3,1751843,240,4,2,4007,-83,-86.1,309.60,3,4035,-91,-92.6,246.40,4,3918,-80,-82.4,391.98,5,1933,-92,-96.4,204.45,IMU,0,0.2407,-0.0198,-0.0263,-0.9700,-0.023,0.008,0.008,0.0000,0.0000,0.0000
RTLS,v3,223359,241,4,2,3031,-87,-89.1,267.78,3,3054,-91,-92.4,239.50,4,3936,-82,-84.7,420.60,5,1398,-89,-91.3,179.16
RTLS,v3,223484,241,4,2,3012,-87,-88.7,291.02,3,3064,-91,-92.1,275.79,4,3871,-80,-81.9,367.52,5,1431,-89,-91.7,137.41
RTLS,v3,223658,241,4,2,3045,-87,-88.9,301.27,3,3068,-90,-92.0,299.52,4,3941,-81,-83.9,365.23,5,1426,-89,-91.5,202.67
RTLS,v3,223833,241,4,2,3040,-88,-89.5,267.24,3,3111,-91,-92.3,272.53,4,3894,-81,-84.8,297.66,5,1426,-89,-90.9,244.40
RTLS,v3,224006,241,3,2,3054,-88,-89.1,280.44,4,3880,-80,-82.6,410.73,5,1412,-89,-91.4,254.85
RTLS,v3,1752722,240,4,2,3983,-83,-84.9,299.62,3,4054,-92,-92.9,219.39,4,3946,-82,-84.5,451.61,5,1994,-92,-96.1,96.44,IMU,0,0.2407,-0.0198,-0.0262,-0.9700,-0.023,0.008,-0.039,0.0000,0.0000,0.0000
RTLS,v3,224239,241,4,2,3021,-87,-89.1,307.88,3,3087,-91,-91.9,292.43,4,3885,-80,-82.4,399.57,5,1408,-89,-91.0,224.80
RTLS,v3,224364,241,4,2,3017,-87,-88.7,272.87,3,3078,-91,-92.7,212.68,4,3885,-80,-82.6,376.07,5,1332,-89,-91.2,297.79
RTLS,v3,224515,241,3,3,2989,-91,-92.7,249.83,4,3927,-82,-84.0,462.80,5,1403,-89,-91.3,195.20
RTLS,v3,1753281,240,4,2,4002,-84,-85.9,355.71,3,4030,-91,-92.5,231.53,4,3904,-82,-84.1,464.23,5,1867,-92,-96.0,153.16,IMU,0,0.2407,-0.0200,-0.0262,-0.9700,0.016,-0.031,0.000,0.0000,0.0000,0.0000
RTLS,v3,224797,241,4,2,3040,-87,-89.1,308.79,3,3059,-91,-92.1,296.89,4,3861,-80,-82.8,458.38,5,1403,-89,-91.8,187.57
RTLS,v3,224948,241,3,3,3054,-91,-92.4,262.40,4,3885,-80,-82.9,447.75,5,1408,-89,-91.2,224.76
RTLS,v3,225100,241,3,3,3092,-90,-91.8,238.61,4,3908,-80,-81.8,350.85,5,1412,-89,-91.5,144.75
RTLS,v3,225203,241,3,3,3082,-91,-92.6,251.24,4,3857,-81,-83.1,431.80,5,1417,-89,-91.4,247.11
RTLS,v3,225466,241,3,3,3054,-91,-92.3,206.46,4,3918,-81,-84.2,404.29,5,1417,-89,-91.5,167.18
RTLS,v3,1754182,240,4,2,4011,-84,-86.6,308.77,3,4026,-92,-93.2,230.73,4,3927,-82,-84.8,417.48,5,1956,-92,-96.5,106.51,IMU,0,0.2407,-0.0199,-0.0264,-0.9700,-0.031,0.000,-0.031,0.0000,0.0000,0.0000
RTLS,v3,225698,241,4,2,3040,-87,-89.4,267.58,3,3106,-90,-91.8,282.20,4,3904,-81,-82.8,333.42,5,1361,-89,-91.1,222.80
RTLS,v3,225823,241,4,2,3021,-88,-89.2,266.69,3,3097,-91,-92.4,228.47,4,3894,-80,-82.6,360.15,5,1398,-89,-91.3,196.34
RTLS,v3,225948,241,4,2,3054,-87,-89.0,271.68,3,3059,-91,-92.6,253.82,4,3927,-80,-81.8,386.30,5,1426,-89,-90.9,199.46
RTLS,v3,226088,241,4,2,3026,-88,-89.4,274.71,3,3087,-90,-92.0,277.20,4,3894,-82,-84.1,342.35,5,1417,-89,-91.2,200.73
RTLS,v3,226241,241,3,2,3012,-88,-89.1,297.45,4,3885,-81,-84.0,366.62,5,1417,-89,-91.4,229.00
RTLS,v3,226366,241,4,2,3045,-88,-89.3,282.74,3,3073,-91,-92.9,216.11,4,3889,-80,-82.7,385.09,5,1422,-89,-91.4,201.16
RTLS,v3,226491,241,4,2,3045,-87,-88.8,299.97,3,3111,-91,-92.6,244.29,4,3889,-80,-81.9,368.10,5,1426,-89,-91.2,223.88
RTLS,v3,226665,241,4,2,3050,-87,-88.6,324.66,3,3097,-91,-92.4,258.54,4,3861,-81,-83.7,358.02,5,1440,-89,-91.1,203.03
RTLS,v3,1755381,240,4,2,4002,-84,-85.9,371.00,3,4105,-92,-92.8,283.33,4,3927,-81,-83.3,483.02,5,1947,-92,-95.9,109.99,IMU,0,0.2407,-0.0203,-0.0264,-0.9700,-0.031,0.008,0.000,0.0020,0.0039,0.0000
RTLS,v3,226946,241,4,2,3026,-88,-89.6,297.56,3,3115,-91,-92.1,263.62,4,3866,-80,-81.8,367.17,5,1422,-89,-91.2,170.79
RTLS,v3,227072,241,4,2,3036,-88,-89.4,229.45,3,3031,-91,-92.8,259.62,4,3946,-80,-81.9,384.07,5,1450,-89,-91.8,219.24
RTLS,v3,1755792,240,4,2,3979,-84,-87.0,234.65,3,4068,-92,-93.1,288.71,4,3885,-82,-84.2,420.54,5,1924,-92,-95.9,107.56,IMU,0,0.2407,-0.0198,-0.0264,-0.9700,-0.031,0.008,0.008,0.0000,0.0156,0.0000
RTLS,v3,227308,241,4,2,3021,-87,-88.4,323.59,3,3087,-90,-92.0,248.15,4,3894,-81,-83.5,414.40,5,1403,-89,-91.7,181.49
RTLS,v3,227559,241,4,2,3021,-87,-89.0,237.75,3,3087,-91,-92.8,248.74,4,3810,-82,-84.3,476.48,5,1445,-89,-91.2,216.10
RTLS,v3,227693,241,4,2,2998,-87,-88.2,304.48,3,3064,-91,-92.6,245.71,4,3880,-80,-82.6,381.52,5,1393,-89,-91.9,217.34
RTLS,v3,1756412,240,4,2,3983,-85,-87.0,346.48,3,4068,-92,-93.1,252.18,4,3847,-80,-82.7,438.18,5,1956,-92,-95.9,151.83,IMU,0,0.2407,-0.0203,-0.0261,-0.9700,0.008,0.008,0.008,0.0020,0.0000,0.0020
RTLS,v3,227928,241,4,2,3021,-86,-88.5,287.92,3,3068,-91,-92.5,216.04,4,3894,-82,-84.2,405.98,5,1398,-89,-91.5,217.41
RTLS,v3,228079,241,3,2,3031,-87,-89.1,264.42,4,3833,-80,-82.3,452.40,5,1445,-89,-91.7,199.13
RTLS,v3,228204,241,4,2,3045,-87,-88.6,269.12,3,3101,-91,-92.5,261.31,4,3918,-80,-82.0,424.05,5,1393,-89,-91.2,190.25
RTLS,v3,1756921,240,4,2,3997,-84,-85.9,386.64,3,4040,-92,-92.8,239.94,4,3993,-80,-81.9,452.88,5,1942,-92,-96.2,137.95,IMU,0,0.2406,-0.0199,-0.0265,-0.9701,-0.023,-0.039,-0.039,-0.0098,-0.0020,0.0000
RTLS,v3,228437,241,4,2,3012,-87,-88.8,240.20,3,3106,-91,-92.9,246.93,4,3885,-81,-84.5,393.73,5,1412,-89,-92.0,212.53
RTLS,v3,228562,241,4,2,3054,-87,-88.8,280.23,3,2998,-91,-92.2,287.35,4,3885,-82,-85.2,386.29,5,1408,-89,-90.9,214.12
RTLS,v3,228700,241,4,2,2956,-88,-89.6,269.29,3,3134,-91,-92.4,269.16,4,3899,-80,-82.2,395.23,5,1417,-89,-91.4,176.33
RTLS,v3,1757420,240,4,2,4026,-85,-88.2,308.29,3,4040,-92,-92.9,231.08,4,3941,-79,-81.4,473.14,5,1966,-92,-95.9,133.80,IMU,0,0.2406,-0.0198,-0.0266,-0.9700,0.008,0.000,-0.031,-0.0059,0.0039,0.0000
RTLS,v3,228937,241,4,2,2998,-87,-89.1,256.98,3,3087,-91,-92.4,270.24,4,3918,-82,-84.5,327.08,5,1431,-89,-91.0,241.47
RTLS,v3,229062,241,4,2,3045,-87,-89.2,243.67,3,3068,-91,-92.2,254.81,4,3904,-81,-83.7,423.39,5,1412,-89,-91.5,177.24
RTLS,v3,229201,241,4,2,3017,-87,-89.2,269.84,3,3078,-91,-92.7,251.38,4,3857,-82,-84.9,396.65,5,1398,-89,-91.2,187.92
RTLS,v3,1757922,240,4,2,3927,-85,-87.2,377.69,3,4068,-91,-93.2,263.14,4,3922,-80,-83.1,433.88,5,1952,-92,-96.0,144.15,IMU,0,0.2407,-0.0205,-0.0262,-0.9700,0.008,0.008,0.000,0.0000,0.0117,-0.0020
RTLS,v3,229438,241,4,2,3068,-87,-88.5,275.90,3,3045,-90,-92.0,263.66,4,3875,-80,-83.8,378.07,5,1436,-89,-91.0,238.74
RTLS,v3,229588,241,3,3,3068,-90,-91.7,263.33,4,3894,-82,-84.3,389.73,5,1323,-89,-91.6,239.79
RTLS,v3,229938,241,4,2,3017,-87,-88.9,315.34,3,3059,-91,-92.5,295.58,4,3932,-81,-83.0,379.52,5,1412,-89,-91.3,241.09
RTLS,v3,230089,241,3,3,3040,-90,-91.9,298.02,4,3913,-80,-83.5,349.04,5,1478,-89,-91.2,187.51
RTLS,v3,1758811,240,4,2,3969,-84,-86.5,303.92,3,4058,-91,-92.7,275.05,4,3946,-80,-81.7,502.28,5,1961,-92,-96.0,119.42,IMU,0,0.2406,-0.0201,-0.0266,-0.9700,0.008,0.000,-0.031,0.0000,0.0039,0.0000
RTLS,v3,230327,241,4,2,3054,-87,-88.6,305.33,3,3111,-91,-92.1,257.62,4,3852,-80,-82.5,379.05,5,1408,-89,-91.1,256.03
RTLS,v3,230477,241,3,3,3101,-91,-92.7,241.05,4,3861,-80,-83.7,351.04,5,1426,-89,-91.4,221.86
RTLS,v3,230603,241,4,2,3036,-87,-88.2,253.26,3,3092,-90,-92.0,276.16,4,3889,-81,-83.2,382.48,5,1506,-89,-92.4,157.36
RTLS,v3,230754,241,3,3,3054,-90,-91.6,262.88,4,3880,-81,-83.0,374.52,5,1403,-89,-91.5,201.59
RTLS,v3,1759470,240,4,2,4007,-85,-88.0,337.94,3,4049,-92,-93.8,207.07,4,3936,-80,-81.5,435.52,5,1881,-92,-96.9,111.98,IMU,0,0.2407,-0.0202,-0.0266,-0.9700,0.008,-0.039,0.008,0.0000,0.0059,-0.0020
RTLS,v3,230986,241,4,2,2998,-87,-89.0,319.65,3,3078,-91,-92.8,232.57,4,3866,-80,-83.2,392.57,5,1398,-89,-91.8,198.57
RTLS,v3,231111,241,4,2,3040,-87,-88.2,319.96,3,3068,-90,-92.0,246.20,4,3913,-81,-83.4,386.10,5,1417,-89,-91.0,233.27
RTLS,v3,231236,241,4,2,3064,-87,-89.0,270.61,3,3054,-91,-92.5,260.32,4,3866,-81,-83.1,338.14,5,1370,-89,-90.9,218.07
RTLS,v3,231361,241,4,2,3026,-88,-89.7,293.29,3,3082,-90,-92.2,227.79,4,3857,-81,-83.7,332.73,5,1408,-89,-91.0,212.65
RTLS,v3,1760078,240,4,2,3960,-84,-86.1,341.94,3,4115,-92,-93.3,263.35,4,3983,-79,-80.5,432.02,5,1928,-92,-96.7,102.88,IMU,0,0.2406,-0.0201,-0.0266,-0.9700,0.008,0.008,-0.023,0.0059,0.0117,-0.0020
RTLS,v3,231594,241,4,2,3078,-87,-88.5,300.04,3,3087,-91,-92.3,269.19,4,3889,-81,-83.2,431.23,5,1431,-89,-91.0,184.20
RTLS,v3,231732,241,4,2,2979,-87,-88.9,284.67,3,3111,-90,-92.2,237.74,4,3871,-80,-83.0,363.96,5,1469,-89,-91.4,190.69
RTLS,v3,1760449,240,4,2,3979,-84,-86.3,370.69,3,4044,-92,-93.1,235.43,4,3936,-79,-81.0,440.02,5,1966,-92,-97.1,119.51,IMU,0,0.2405,-0.0200,-0.0264,-0.9701,-0.023,-0.031,0.008,0.0020,-0.0078,0.0000
RTLS,v3,231966,241,4,2,3040,-87,-88.4,296.48,3,3087,-91,-92.5,263.68,4,3843,-81,-83.3,432.66,5,1412,-89,-90.9,229.51
RTLS,v3,232117,241,3,3,3092,-91,-92.3,277.27,4,3932,-82,-84.5,418.94,5,1422,-89,-91.3,196.13
